0 0.40729166666666666 0.5685185185185185 0.24375 0.5833333333333334
0 0.134375 0.4388888888888889 0.265625 0.27037037037037037
0 0.3140625 0.9652777777777778 0.057291666666666664 0.06759259259259259
0 0.14973958333333334 0.16666666666666666 0.050520833333333334 0.06481481481481481
0 0.10104166666666667 0.6259259259259259 0.20208333333333334 0.32222222222222224
0 0.21640625 0.32731481481481484 0.2828125 0.225
0 0.7747395833333334 0.29814814814814816 0.13697916666666668 0.1388888888888889
0 0.61015625 0.08101851851851852 0.0453125 0.05092592592592592
0 0.9075520833333334 0.35833333333333334 0.18385416666666668 0.19444444444444445
0 0.7890625 0.15601851851851853 0.059375 0.06574074074074074
0 0.3653645833333333 0.09583333333333334 0.0328125 0.03611111111111111
0 0.8934895833333333 0.5185185185185185 0.21197916666666666 0.2814814814814815
0 0.5799479166666667 0.07175925925925926 0.0140625 0.030555555555555555
0 0.6296875 0.38472222222222224 0.209375 0.30833333333333335
0 0.8533854166666667 0.16574074074074074 0.021354166666666667 0.040740740740740744
0 0.7390625 0.1375 0.04583333333333333 0.06018518518518518
0 0.71484375 0.225 0.12135416666666667 0.13333333333333333
0 0.6729166666666667 0.44675925925925924 0.2989583333333333 0.4324074074074074