0 0.40677083333333336 0.5587962962962963 0.24270833333333333 0.5879629629629629
0 0.4513020833333333 0.15 0.1453125 0.11296296296296296
0 0.7744791666666667 0.29814814814814816 0.13645833333333332 0.13703703703703704
0 0.21640625 0.325 0.2859375 0.2222222222222222
0 0.10104166666666667 0.6263888888888889 0.20208333333333334 0.32314814814814813
0 0.13411458333333334 0.46064814814814814 0.26614583333333336 0.31574074074074077
0 0.3140625 0.9657407407407408 0.057291666666666664 0.06666666666666667
0 0.9088541666666666 0.35648148148148145 0.18229166666666666 0.19074074074074074
0 0.17526041666666667 0.13333333333333333 0.05677083333333333 0.07407407407407407
0 0.14453125 0.14907407407407408 0.04010416666666667 0.09444444444444444
0 0.7005208333333334 0.15046296296296297 0.09166666666666666 0.06018518518518518
0 0.8924479166666667 0.5175925925925926 0.21302083333333333 0.2796296296296296
0 0.7359375 0.20694444444444443 0.07604166666666666 0.08981481481481482
0 0.4752604166666667 0.047685185185185185 0.059895833333333336 0.03611111111111111
0 0.6109375 0.08148148148148149 0.04375 0.05185185185185185
0 0.7385416666666667 0.13796296296296295 0.04791666666666667 0.06111111111111111
0 0.31588541666666664 0.22962962962962963 0.0921875 0.07222222222222222
0 0.7888020833333333 0.1550925925925926 0.0578125 0.06388888888888888
0 0.25859375 0.12129629629629629 0.07447916666666667 0.05
0 0.29322916666666665 0.21805555555555556 0.1375 0.09722222222222222