0 0.4002604166666667 0.13240740740740742 0.1203125 0.07962962962962963
0 0.4075520833333333 0.5671296296296297 0.24427083333333333 0.5824074074074074
0 0.134375 0.4388888888888889 0.26666666666666666 0.2722222222222222
0 0.775 0.29768518518518516 0.1375 0.13796296296296295
0 0.10104166666666667 0.6277777777777778 0.20208333333333334 0.3277777777777778
0 0.21354166666666666 0.3439814814814815 0.28541666666666665 0.18796296296296297
0 0.3143229166666667 0.9657407407407408 0.0578125 0.06666666666666667
0 0.14244791666666667 0.16620370370370371 0.034895833333333334 0.06018518518518518
0 0.23776041666666667 0.14537037037037037 0.1015625 0.07777777777777778
0 0.603125 0.08055555555555556 0.06041666666666667 0.05185185185185185
0 0.16458333333333333 0.9560185185185185 0.16875 0.08611111111111111
0 0.9075520833333334 0.3578703703703704 0.18489583333333334 0.19537037037037036
0 0.89375 0.5185185185185185 0.21145833333333333 0.2833333333333333
0 0.4471354166666667 0.05138888888888889 0.04739583333333333 0.030555555555555555
0 0.7143229166666667 0.22916666666666666 0.1203125 0.1361111111111111
0 0.6981770833333333 0.16527777777777777 0.0890625 0.06574074074074074
0 0.315625 0.2310185185185185 0.09166666666666666 0.0712962962962963
0 0.6747395833333333 0.4513888888888889 0.2578125 0.43796296296296294
0 0.2828125 0.21666666666666667 0.15833333333333333 0.10185185185185185
0 0.7348958333333333 0.13703703703703704 0.051041666666666666 0.05925925925925926
0 0.7893229166666667 0.1550925925925926 0.0609375 0.06759259259259259