0 0.40677083333333336 0.5592592592592592 0.24270833333333333 0.5907407407407408
0 0.7744791666666667 0.29814814814814816 0.13645833333333332 0.13703703703703704
0 0.3138020833333333 0.1337962962962963 0.0609375 0.06944444444444445
0 0.21510416666666668 0.32546296296296295 0.2875 0.225
0 0.3143229166666667 0.9657407407407408 0.05677083333333333 0.06666666666666667
0 0.10104166666666667 0.6259259259259259 0.20208333333333334 0.32407407407407407
0 0.13411458333333334 0.462037037037037 0.26614583333333336 0.31851851851851853
0 0.13411458333333334 0.16574074074074074 0.018229166666666668 0.046296296296296294
0 0.6109375 0.08148148148148149 0.042708333333333334 0.05
0 0.91328125 0.35648148148148145 0.17239583333333333 0.19074074074074074
0 0.6984375 0.14675925925925926 0.08958333333333333 0.04351851851851852
0 0.45364583333333336 0.15648148148148147 0.059375 0.07592592592592592
0 0.5544270833333333 0.08888888888888889 0.05677083333333333 0.05555555555555555
0 0.5 0.1310185185185185 0.121875 0.09722222222222222
0 0.13489583333333333 0.12777777777777777 0.01875 0.03518518518518519
0 0.8932291666666666 0.5180555555555556 0.2125 0.28055555555555556
0 0.37552083333333336 0.1087962962962963 0.052083333333333336 0.06944444444444445
0 0.765625 0.14722222222222223 0.103125 0.08148148148148149
0 0.42578125 0.11157407407407408 0.024479166666666666 0.030555555555555555
0 0.7893229166666667 0.15462962962962962 0.05572916666666667 0.06481481481481481
0 0.31588541666666664 0.23148148148148148 0.0921875 0.07037037037037037