0 0.6403645833333333 0.3907407407407407 0.23072916666666668 0.37037037037037035
0 0.40677083333333336 0.5638888888888889 0.24375 0.5796296296296296
0 0.21614583333333334 0.32407407407407407 0.28541666666666665 0.22037037037037038
0 0.13385416666666666 0.43842592592592594 0.26666666666666666 0.27314814814814814
0 0.7744791666666667 0.29768518518518516 0.13645833333333332 0.13796296296296295
0 0.10104166666666667 0.6268518518518519 0.20208333333333334 0.32407407407407407
0 0.33255208333333336 0.9652777777777778 0.0953125 0.06759259259259259
0 0.9096354166666667 0.35833333333333334 0.1796875 0.19444444444444445
0 0.7885416666666667 0.15601851851851853 0.05625 0.06574074074074074
0 0.3651041666666667 0.09583333333333334 0.03333333333333333 0.03611111111111111
0 0.6106770833333334 0.08055555555555556 0.044270833333333336 0.05185185185185185
0 0.8513020833333333 0.16574074074074074 0.0234375 0.03888888888888889
0 0.7377604166666667 0.13657407407407407 0.044270833333333336 0.058333333333333334
0 0.3109375 0.2324074074074074 0.08125 0.06851851851851852
0 0.7143229166666667 0.22592592592592592 0.1203125 0.13333333333333333
0 0.8932291666666666 0.5171296296296296 0.2125 0.28055555555555556