0 0.40703125 0.5583333333333333 0.24322916666666666 0.5907407407407408
0 0.7747395833333334 0.29814814814814816 0.13697916666666668 0.13703703703703704
0 0.21458333333333332 0.32314814814814813 0.290625 0.22407407407407406
0 0.51796875 0.1398148148148148 0.11197916666666667 0.07592592592592592
0 0.10104166666666667 0.625 0.20208333333333334 0.32037037037037036
0 0.31354166666666666 0.9657407407407408 0.05625 0.06666666666666667
0 0.13411458333333334 0.462037037037037 0.26614583333333336 0.31851851851851853
0 0.6109375 0.08009259259259259 0.042708333333333334 0.04537037037037037
0 0.9075520833333334 0.35694444444444445 0.18385416666666668 0.19166666666666668
0 0.7348958333333333 0.2074074074074074 0.078125 0.09259259259259259
0 0.89296875 0.5171296296296296 0.21302083333333333 0.27870370370370373
0 0.3651041666666667 0.09675925925925925 0.03229166666666667 0.03425925925925926
0 0.5255208333333333 0.11296296296296296 0.11354166666666667 0.06666666666666667
0 0.2828125 0.2162037037037037 0.15833333333333333 0.10277777777777777