0 0.40677083333333336 0.5583333333333333 0.24270833333333333 0.5888888888888889
0 0.21692708333333333 0.32314814814814813 0.2859375 0.22037037037037038
0 0.3138020833333333 0.9657407407407408 0.05572916666666667 0.06666666666666667
0 0.5416666666666666 0.14629629629629629 0.09895833333333333 0.07222222222222222
0 0.10104166666666667 0.6273148148148148 0.20208333333333334 0.32314814814814813
0 0.13385416666666666 0.4652777777777778 0.26666666666666666 0.32685185185185184
0 0.915625 0.35555555555555557 0.16770833333333332 0.18888888888888888
0 0.3653645833333333 0.09768518518518518 0.03177083333333333 0.032407407407407406
0 0.6111979166666667 0.08101851851851852 0.043229166666666666 0.05092592592592592
0 0.7348958333333333 0.20833333333333334 0.078125 0.09444444444444444
0 0.8932291666666666 0.5166666666666667 0.2125 0.2796296296296296
0 0.7747395833333334 0.29814814814814816 0.13697916666666668 0.13703703703703704
0 0.15182291666666667 0.15138888888888888 0.0546875 0.0824074074074074
0 0.6880208333333333 0.17083333333333334 0.06979166666666667 0.05648148148148148
0 0.7385416666666667 0.13796296296296295 0.046875 0.06111111111111111
0 0.7888020833333333 0.15462962962962962 0.05677083333333333 0.06481481481481481
0 0.315625 0.23055555555555557 0.090625 0.07222222222222222