0 0.6143229166666667 0.35 0.21614583333333334 0.3351851851851852
0 0.40677083333333336 0.5666666666666667 0.24375 0.5851851851851851
0 0.4703125 0.16435185185185186 0.10416666666666667 0.1287037037037037
0 0.775 0.29814814814814816 0.1375 0.13703703703703704
0 0.2140625 0.3263888888888889 0.28854166666666664 0.22685185185185186
0 0.134375 0.44351851851851853 0.265625 0.2833333333333333
0 0.10104166666666667 0.6157407407407407 0.20208333333333334 0.3055555555555556
0 0.8934895833333333 0.5189814814814815 0.21197916666666666 0.2824074074074074
0 0.9078125 0.3578703703703704 0.18333333333333332 0.19537037037037036
0 0.3143229166666667 0.9652777777777778 0.058854166666666666 0.06759259259259259
0 0.3802083333333333 0.11666666666666667 0.121875 0.1037037037037037
0 0.31614583333333335 0.2300925925925926 0.09166666666666666 0.07314814814814814