0 0.4005208333333333 0.13240740740740742 0.12083333333333333 0.07962962962962963
0 0.40703125 0.5662037037037037 0.24322916666666666 0.5824074074074074
0 0.13385416666666666 0.4412037037037037 0.26666666666666666 0.275
0 0.3145833333333333 0.9652777777777778 0.057291666666666664 0.06759259259259259
0 0.21354166666666666 0.33564814814814814 0.28541666666666665 0.2064814814814815
0 0.10104166666666667 0.6259259259259259 0.20208333333333334 0.32407407407407407
0 0.23776041666666667 0.14583333333333334 0.1015625 0.07685185185185185
0 0.13489583333333333 0.17037037037037037 0.01875 0.04259259259259259
0 0.6104166666666667 0.08148148148148149 0.04583333333333333 0.05
0 0.8942708333333333 0.5074074074074074 0.21041666666666667 0.25925925925925924
0 0.9078125 0.3574074074074074 0.184375 0.19444444444444445
0 0.4473958333333333 0.05092592592592592 0.046875 0.02962962962962963
0 0.6848958333333334 0.44583333333333336 0.28229166666666666 0.42685185185185187
0 0.6989583333333333 0.1638888888888889 0.090625 0.06296296296296296
0 0.13151041666666666 0.1310185185185185 0.013020833333333334 0.03981481481481482
0 0.16432291666666668 0.9569444444444445 0.16927083333333334 0.08425925925925926
0 0.5791666666666667 0.06898148148148148 0.014583333333333334 0.023148148148148147
0 0.31588541666666664 0.23055555555555557 0.0921875 0.07037037037037037
0 0.7138020833333333 0.22870370370370371 0.1203125 0.13703703703703704
0 0.153125 0.10046296296296296 0.022916666666666665 0.017592592592592594
0 0.49921875 0.05324074074074074 0.044270833333333336 0.030555555555555555
0 0.73671875 0.13796296296296295 0.05260416666666667 0.05925925925925926
0 0.7885416666666667 0.15555555555555556 0.0625 0.06666666666666667
0 0.775 0.29768518518518516 0.1375 0.13796296296296295
0 0.2825520833333333 0.2162037037037037 0.15885416666666666 0.10092592592592593