0 0.40703125 0.5648148148148148 0.24322916666666666 0.5814814814814815
0 0.6619791666666667 0.44814814814814813 0.23645833333333333 0.43333333333333335
0 0.7747395833333334 0.29768518518518516 0.13697916666666668 0.13796296296296295
0 0.10104166666666667 0.6268518518518519 0.20208333333333334 0.32592592592592595
0 0.21484375 0.32685185185185184 0.2869791666666667 0.22592592592592592
0 0.3140625 0.9657407407407408 0.057291666666666664 0.06666666666666667
0 0.134375 0.43842592592592594 0.26666666666666666 0.2712962962962963
0 0.6104166666666667 0.08055555555555556 0.04583333333333333 0.05185185185185185
0 0.8934895833333333 0.5189814814814815 0.21197916666666666 0.2824074074074074
0 0.1328125 0.13287037037037036 0.015625 0.04351851851851852
0 0.3651041666666667 0.09583333333333334 0.03333333333333333 0.03611111111111111
0 0.9072916666666667 0.3574074074074074 0.184375 0.19444444444444445
0 0.7895833333333333 0.15601851851851853 0.059375 0.06759259259259259
0 0.5802083333333333 0.06666666666666667 0.014583333333333334 0.037037037037037035
0 0.16458333333333333 0.9564814814814815 0.16770833333333332 0.08518518518518518
0 0.7395833333333334 0.1375 0.04583333333333333 0.06018518518518518
0 0.7143229166666667 0.2263888888888889 0.1203125 0.13425925925925927
0 0.2484375 0.21203703703703702 0.22604166666666667 0.1111111111111111