0 0.40703125 0.5666666666666667 0.24322916666666666 0.5833333333333334
0 0.134375 0.4393518518518518 0.265625 0.2712962962962963
0 0.21692708333333333 0.3263888888888889 0.28177083333333336 0.22685185185185186
0 0.10104166666666667 0.6282407407407408 0.20208333333333334 0.32685185185185184
0 0.6596354166666667 0.44305555555555554 0.23177083333333334 0.4212962962962963
0 0.3140625 0.9657407407407408 0.05625 0.06666666666666667
0 0.7747395833333334 0.2972222222222222 0.13697916666666668 0.13703703703703704
0 0.8934895833333333 0.5194444444444445 0.21197916666666666 0.2833333333333333
0 0.6091145833333333 0.08148148148148149 0.0484375 0.05185185185185185
0 0.9072916666666667 0.3578703703703704 0.184375 0.19722222222222222
0 0.13411458333333334 0.13194444444444445 0.018229166666666668 0.04351851851851852
0 0.5791666666666667 0.06944444444444445 0.014583333333333334 0.024074074074074074
0 0.3651041666666667 0.09490740740740741 0.03333333333333333 0.03796296296296296
0 0.703125 0.1712962962962963 0.08958333333333333 0.09814814814814815
0 0.7653645833333333 0.1476851851851852 0.10572916666666667 0.0824074074074074
0 0.16484375 0.9564814814814815 0.16822916666666668 0.08518518518518518