0 0.45078125 0.1361111111111111 0.1421875 0.1111111111111111
0 0.40703125 0.5652777777777778 0.24322916666666666 0.5842592592592593
0 0.6591145833333333 0.4412037037037037 0.23072916666666668 0.41944444444444445
0 0.13411458333333334 0.43842592592592594 0.26614583333333336 0.2712962962962963
0 0.10104166666666667 0.6273148148148148 0.20208333333333334 0.325
0 0.21328125 0.32731481481481484 0.28802083333333334 0.225
0 0.7752604166666667 0.2962962962962963 0.13802083333333334 0.13518518518518519
0 0.3140625 0.9652777777777778 0.058333333333333334 0.06759259259259259
0 0.8934895833333333 0.5194444444444445 0.21197916666666666 0.2833333333333333
0 0.9072916666666667 0.3578703703703704 0.18541666666666667 0.19537037037037036
0 0.13463541666666667 0.13287037037037036 0.019270833333333334 0.04351851851851852
0 0.6109375 0.07916666666666666 0.042708333333333334 0.04722222222222222
0 0.46848958333333335 0.049074074074074076 0.07135416666666666 0.03888888888888889
0 0.3653645833333333 0.09768518518518518 0.03177083333333333 0.03425925925925926
0 0.16484375 0.9560185185185185 0.1671875 0.08611111111111111
0 0.8536458333333333 0.1648148148148148 0.017708333333333333 0.037037037037037035
0 0.7953125 0.15694444444444444 0.046875 0.06388888888888888
0 0.7674479166666667 0.1476851851851852 0.10364583333333334 0.08425925925925926
0 0.5794270833333334 0.07037037037037037 0.015104166666666667 0.027777777777777776
0 0.28072916666666664 0.21712962962962962 0.1625 0.09722222222222222
0 0.7140625 0.22777777777777777 0.11979166666666667 0.13333333333333333