0 0.40703125 0.5657407407407408 0.24322916666666666 0.5814814814814815
0 0.6591145833333333 0.44537037037037036 0.23072916666666668 0.43148148148148147
0 0.2015625 0.14907407407407408 0.08958333333333333 0.09814814814814815
0 0.775 0.29768518518518516 0.1375 0.13796296296296295
0 0.21276041666666667 0.324537037037037 0.29010416666666666 0.2324074074074074
0 0.10104166666666667 0.6268518518518519 0.20208333333333334 0.32407407407407407
0 0.3140625 0.9657407407407408 0.057291666666666664 0.06666666666666667
0 0.134375 0.45694444444444443 0.265625 0.30277777777777776
0 0.6109375 0.0824074074074074 0.04479166666666667 0.053703703703703705
0 0.9075520833333334 0.3578703703703704 0.18385416666666668 0.19537037037037036
0 0.13151041666666666 0.13333333333333333 0.0140625 0.046296296296296294
0 0.58046875 0.0712962962962963 0.0140625 0.03333333333333333
0 0.3653645833333333 0.09490740740740741 0.0328125 0.03796296296296296
0 0.5075520833333333 0.125 0.14635416666666667 0.1259259259259259
0 0.16458333333333333 0.9564814814814815 0.16875 0.08518518518518518
0 0.7151041666666667 0.22453703703703703 0.121875 0.13055555555555556
0 0.153125 0.09953703703703703 0.021875 0.017592592592592594
0 0.7877604166666666 0.1550925925925926 0.0578125 0.06759259259259259
0 0.8932291666666666 0.5189814814814815 0.2125 0.2824074074074074
0 0.29375 0.2175925925925926 0.13541666666666666 0.09814814814814815