0 0.4005208333333333 0.13240740740740742 0.12083333333333333 0.07962962962962963
0 0.40703125 0.5666666666666667 0.24427083333333333 0.5814814814814815
0 0.7747395833333334 0.29768518518518516 0.13697916666666668 0.13796296296296295
0 0.19817708333333334 0.1537037037037037 0.0953125 0.07407407407407407
0 0.13411458333333334 0.44212962962962965 0.2671875 0.27870370370370373
0 0.21458333333333332 0.3314814814814815 0.28854166666666664 0.21666666666666667
0 0.3140625 0.9657407407407408 0.058333333333333334 0.06666666666666667
0 0.10130208333333333 0.6277777777777778 0.20260416666666667 0.3277777777777778
0 0.89375 0.5092592592592593 0.21145833333333333 0.26296296296296295
0 0.1328125 0.13240740740740742 0.016666666666666666 0.04259259259259259
0 0.16458333333333333 0.9560185185185185 0.16875 0.08611111111111111
0 0.9075520833333334 0.35833333333333334 0.18489583333333334 0.1962962962962963
0 0.44817708333333334 0.05092592592592592 0.04635416666666667 0.03148148148148148
0 0.6026041666666667 0.08055555555555556 0.06041666666666667 0.05185185185185185
0 0.69921875 0.16666666666666666 0.09114583333333333 0.06851851851851852
0 0.57890625 0.07175925925925926 0.0140625 0.026851851851851852
0 0.684375 0.44907407407407407 0.28125 0.43333333333333335
0 0.7393229166666667 0.13796296296296295 0.04635416666666667 0.05925925925925926
0 0.540625 0.10648148148148148 0.03854166666666667 0.03333333333333333
0 0.7145833333333333 0.2273148148148148 0.12083333333333333 0.13425925925925927
0 0.31588541666666664 0.23055555555555557 0.0921875 0.07222222222222222
0 0.49921875 0.05324074074074074 0.0453125 0.030555555555555555
0 0.78828125 0.15555555555555556 0.059895833333333336 0.06666666666666667