0 0.44557291666666665 0.17453703703703705 0.11302083333333333 0.13055555555555556
0 0.40677083333333336 0.5578703703703703 0.24270833333333333 0.5916666666666667
0 0.7747395833333334 0.29814814814814816 0.13697916666666668 0.13703703703703704
0 0.21640625 0.324537037037037 0.2859375 0.22685185185185186
0 0.13385416666666666 0.46111111111111114 0.26666666666666666 0.31666666666666665
0 0.10104166666666667 0.6310185185185185 0.20208333333333334 0.33240740740740743
0 0.3138020833333333 0.9657407407407408 0.05677083333333333 0.06666666666666667
0 0.13697916666666668 0.15 0.025 0.07777777777777778
0 0.90703125 0.35648148148148145 0.18489583333333334 0.19074074074074074
0 0.3653645833333333 0.09675925925925925 0.03177083333333333 0.03425925925925926
0 0.7346354166666667 0.20694444444444443 0.07864583333333333 0.08981481481481482
0 0.4940104166666667 0.12453703703703704 0.0265625 0.058333333333333334
0 0.8838541666666667 0.5171296296296296 0.23125 0.28055555555555556
0 0.2796875 0.12731481481481483 0.12604166666666666 0.09351851851851851