0 0.6096354166666667 0.3421296296296296 0.21510416666666668 0.325
0 0.40677083333333336 0.5634259259259259 0.24375 0.5768518518518518
0 0.215625 0.32546296296296295 0.28541666666666665 0.225
0 0.46953125 0.1625 0.1046875 0.13055555555555556
0 0.7747395833333334 0.29768518518518516 0.13697916666666668 0.13796296296296295
0 0.13385416666666666 0.4444444444444444 0.26666666666666666 0.28703703703703703
0 0.8932291666666666 0.5185185185185185 0.2125 0.2814814814814815
0 0.3143229166666667 0.9652777777777778 0.0578125 0.06759259259259259
0 0.10104166666666667 0.5893518518518519 0.20208333333333334 0.2490740740740741
0 0.9080729166666667 0.3578703703703704 0.1828125 0.1935185185185185
0 0.3796875 0.11712962962962963 0.12083333333333333 0.10462962962962963
0 0.85625 0.19444444444444445 0.05625 0.06481481481481481
0 0.12734375 0.8393518518518519 0.25364583333333335 0.3194444444444444
0 0.5416666666666666 0.12407407407407407 0.11875 0.11481481481481481
0 0.16484375 0.14212962962962963 0.08177083333333333 0.09722222222222222
0 0.7145833333333333 0.23055555555555557 0.12083333333333333 0.1425925925925926
0 0.2825520833333333 0.21712962962962962 0.1578125 0.09907407407407408