0 0.4591145833333333 0.19537037037037036 0.0984375 0.1648148148148148
0 0.40703125 0.5652777777777778 0.2421875 0.575
0 0.38776041666666666 0.10787037037037037 0.11510416666666666 0.0824074074074074
0 0.21692708333333333 0.3263888888888889 0.2859375 0.225
0 0.10104166666666667 0.6259259259259259 0.20208333333333334 0.32222222222222224
0 0.9083333333333333 0.35462962962962963 0.18229166666666666 0.18703703703703703
0 0.13385416666666666 0.46296296296296297 0.26666666666666666 0.31851851851851853
0 0.3260416666666667 0.9643518518518519 0.08020833333333334 0.06944444444444445
0 0.6989583333333333 0.1625 0.08229166666666667 0.075
0 0.19140625 0.12361111111111112 0.0984375 0.09722222222222222
0 0.7744791666666667 0.29814814814814816 0.13645833333333332 0.13703703703703704
0 0.6083333333333333 0.08101851851851852 0.04895833333333333 0.05092592592592592
0 0.5247395833333334 0.15555555555555556 0.0578125 0.05185185185185185
0 0.8927083333333333 0.5180555555555556 0.21354166666666666 0.28055555555555556
0 0.7348958333333333 0.20787037037037037 0.078125 0.08981481481481482
0 0.76640625 0.1476851851851852 0.10364583333333334 0.0824074074074074
0 0.5 0.05555555555555555 0.04583333333333333 0.03148148148148148