0 0.4354166666666667 0.16018518518518518 0.121875 0.1259259259259259
0 0.27265625 0.12129629629629629 0.0953125 0.06851851851851852
0 0.40703125 0.5560185185185185 0.2421875 0.5953703703703703
0 0.775 0.29814814814814816 0.1375 0.13703703703703704
0 0.21770833333333334 0.32592592592592595 0.2833333333333333 0.22407407407407406
0 0.134375 0.4625 0.265625 0.3212962962962963
0 0.10104166666666667 0.6273148148148148 0.20208333333333334 0.325
0 0.9080729166666667 0.3578703703703704 0.1828125 0.1935185185185185
0 0.70078125 0.14583333333333334 0.0953125 0.07685185185185185
0 0.61171875 0.08194444444444444 0.0421875 0.05277777777777778
0 0.8934895833333333 0.5171296296296296 0.21197916666666666 0.27870370370370373
0 0.49635416666666665 0.10694444444444444 0.11666666666666667 0.09537037037037037
0 0.3653645833333333 0.09768518518518518 0.030729166666666665 0.032407407407407406
0 0.7895833333333333 0.1527777777777778 0.05625 0.06111111111111111