0 0.40729166666666666 0.5740740740740741 0.24375 0.5685185185185185
0 0.21328125 0.1476851851851852 0.07864583333333333 0.075
0 0.775 0.29814814814814816 0.1375 0.1388888888888889
0 0.134375 0.44166666666666665 0.26666666666666666 0.2777777777777778
0 0.10130208333333333 0.6273148148148148 0.20260416666666667 0.325
0 0.3145833333333333 0.9652777777777778 0.057291666666666664 0.06759259259259259
0 0.21666666666666667 0.3398148148148148 0.2864583333333333 0.20185185185185187
0 0.8940104166666667 0.5199074074074074 0.2109375 0.28425925925925927
0 0.9075520833333334 0.3578703703703704 0.18385416666666668 0.19537037037037036
0 0.6106770833333334 0.08055555555555556 0.0453125 0.05
0 0.13151041666666666 0.13287037037037036 0.013020833333333334 0.04351851851851852
0 0.6986979166666667 0.16574074074074074 0.09114583333333333 0.06666666666666667
0 0.35234375 0.06805555555555555 0.015104166666666667 0.030555555555555555
0 0.5786458333333333 0.07083333333333333 0.014583333333333334 0.026851851851851852
0 0.7895833333333333 0.15555555555555556 0.06041666666666667 0.06666666666666667
0 0.16432291666666668 0.9560185185185185 0.16927083333333334 0.08611111111111111
0 0.73671875 0.1375 0.049479166666666664 0.058333333333333334
0 0.67578125 0.45 0.2640625 0.4351851851851852