0 0.4010416666666667 0.13148148148148148 0.12083333333333333 0.07777777777777778
0 0.40677083333333336 0.5666666666666667 0.24375 0.5814814814814815
0 0.775 0.29814814814814816 0.1375 0.13703703703703704
0 0.65234375 0.45092592592592595 0.2546875 0.43703703703703706
0 0.13463541666666667 0.44351851851851853 0.26510416666666664 0.2759259259259259
0 0.10130208333333333 0.6259259259259259 0.20260416666666667 0.32222222222222224
0 0.3140625 0.9652777777777778 0.057291666666666664 0.06759259259259259
0 0.6028645833333334 0.08101851851851852 0.0609375 0.05092592592592592
0 0.23802083333333332 0.14629629629629629 0.10208333333333333 0.07592592592592592
0 0.21119791666666668 0.3439814814814815 0.2890625 0.18981481481481483
0 0.14244791666666667 0.16620370370370371 0.034895833333333334 0.06018518518518518
0 0.9096354166666667 0.35833333333333334 0.18072916666666666 0.19444444444444445
0 0.44427083333333334 0.05138888888888889 0.053125 0.030555555555555555
0 0.6989583333333333 0.16574074074074074 0.090625 0.06481481481481481
0 0.89375 0.5185185185185185 0.21145833333333333 0.2814814814814815
0 0.57890625 0.07083333333333333 0.0140625 0.026851851851851852
0 0.7895833333333333 0.15601851851851853 0.058333333333333334 0.06574074074074074
0 0.13098958333333333 0.12453703703703704 0.013020833333333334 0.028703703703703703
0 0.73828125 0.13796296296296295 0.049479166666666664 0.05925925925925926
0 0.16458333333333333 0.9564814814814815 0.16875 0.08518518518518518
0 0.7143229166666667 0.2310185185185185 0.12135416666666667 0.1398148148148148