0 0.40677083333333336 0.5569444444444445 0.24270833333333333 0.5916666666666667
0 0.7747395833333334 0.29814814814814816 0.13697916666666668 0.13703703703703704
0 0.3921875 0.1449074074074074 0.14166666666666666 0.10462962962962963
0 0.21796875 0.32546296296296295 0.28177083333333336 0.22314814814814815
0 0.10104166666666667 0.6259259259259259 0.20208333333333334 0.32222222222222224
0 0.13411458333333334 0.4597222222222222 0.26614583333333336 0.3138888888888889
0 0.31927083333333334 0.1162037037037037 0.07291666666666667 0.06759259259259259
0 0.9072916666666667 0.3574074074074074 0.184375 0.1925925925925926
0 0.6971354166666667 0.15416666666666667 0.08697916666666666 0.05462962962962963
0 0.1328125 0.13287037037037036 0.014583333333333334 0.04351851851851852
0 0.31328125 0.9652777777777778 0.05572916666666667 0.06759259259259259
0 0.8927083333333333 0.5171296296296296 0.21354166666666666 0.27870370370370373
0 0.7666666666666667 0.14722222222222223 0.10416666666666667 0.08148148148148149
0 0.19817708333333334 0.12638888888888888 0.0296875 0.03611111111111111
0 0.4479166666666667 0.11944444444444445 0.11875 0.09814814814814815
0 0.29296875 0.21712962962962962 0.13802083333333334 0.09722222222222222
0 0.6018229166666667 0.08055555555555556 0.059895833333333336 0.05185185185185185