0 0.40651041666666665 0.5592592592592592 0.24322916666666666 0.5907407407407408
0 0.2591145833333333 0.12546296296296297 0.09114583333333333 0.06759259259259259
0 0.7747395833333334 0.29814814814814816 0.13697916666666668 0.13703703703703704
0 0.21640625 0.325 0.2859375 0.22407407407407406
0 0.13828125 0.15 0.028645833333333332 0.08333333333333333
0 0.3140625 0.9657407407407408 0.05625 0.06666666666666667
0 0.42890625 0.1259259259259259 0.13697916666666668 0.0962962962962963
0 0.9088541666666666 0.35648148148148145 0.18229166666666666 0.19074074074074074
0 0.10104166666666667 0.6222222222222222 0.20208333333333334 0.31851851851851853
0 0.5580729166666667 0.15416666666666667 0.08072916666666667 0.0824074074074074
0 0.13411458333333334 0.4634259259259259 0.26614583333333336 0.32314814814814813
0 0.6018229166666667 0.07962962962962963 0.058854166666666666 0.04814814814814815
0 0.8921875 0.5175925925925926 0.21458333333333332 0.2796296296296296
0 0.31588541666666664 0.22962962962962963 0.0921875 0.07037037037037037
0 0.7893229166666667 0.15462962962962962 0.05572916666666667 0.06481481481481481