0 0.40703125 0.5578703703703703 0.24322916666666666 0.5898148148148148
0 0.17682291666666666 0.15324074074074073 0.1046875 0.09166666666666666
0 0.7747395833333334 0.2986111111111111 0.13697916666666668 0.13796296296296295
0 0.134375 0.462037037037037 0.265625 0.31851851851851853
0 0.10104166666666667 0.625462962962963 0.20208333333333334 0.3212962962962963
0 0.21432291666666667 0.3236111111111111 0.2890625 0.225
0 0.9135416666666667 0.35555555555555557 0.171875 0.18888888888888888
0 0.8921875 0.5180555555555556 0.21458333333333332 0.28055555555555556
0 0.31354166666666666 0.9657407407407408 0.05625 0.06666666666666667
0 0.7348958333333333 0.2101851851851852 0.07708333333333334 0.09444444444444444
0 0.31536458333333334 0.2300925925925926 0.09114583333333333 0.07314814814814814
0 0.6890625 0.1884259259259259 0.071875 0.09351851851851851