0 0.44114583333333335 0.16111111111111112 0.12604166666666666 0.1259259259259259
0 0.40703125 0.5555555555555556 0.2421875 0.5944444444444444
0 0.7747395833333334 0.29814814814814816 0.13697916666666668 0.13703703703703704
0 0.31875 0.11296296296296296 0.07083333333333333 0.06666666666666667
0 0.21744791666666666 0.32592592592592595 0.2838541666666667 0.22407407407407406
0 0.134375 0.4638888888888889 0.265625 0.32222222222222224
0 0.14322916666666666 0.14074074074074075 0.03854166666666667 0.07592592592592592
0 0.10104166666666667 0.6268518518518519 0.20208333333333334 0.32407407407407407
0 0.5395833333333333 0.1125 0.11666666666666667 0.09722222222222222
0 0.9080729166666667 0.3578703703703704 0.1828125 0.1935185185185185
0 0.8932291666666666 0.5171296296296296 0.2125 0.27870370370370373
0 0.36484375 0.09814814814814815 0.0328125 0.03148148148148148
0 0.69609375 0.1625 0.0828125 0.07685185185185185
0 0.37057291666666664 0.06759259259259259 0.049479166666666664 0.037037037037037035
0 0.6135416666666667 0.08194444444444444 0.03958333333333333 0.05092592592592592
0 0.7651041666666667 0.14675925925925926 0.10520833333333333 0.0824074074074074
0 0.7361979166666667 0.2064814814814815 0.07552083333333333 0.09074074074074075
0 0.7471354166666667 0.15231481481481482 0.0765625 0.058333333333333334
0 0.2950520833333333 0.21805555555555556 0.13385416666666666 0.09722222222222222