0 0.48880208333333336 0.1388888888888889 0.12135416666666667 0.08148148148148149
0 0.4075520833333333 0.5666666666666667 0.24322916666666666 0.5796296296296296
0 0.7747395833333334 0.29814814814814816 0.13697916666666668 0.13703703703703704
0 0.3140625 0.9657407407407408 0.057291666666666664 0.06666666666666667
0 0.13411458333333334 0.44027777777777777 0.2671875 0.27314814814814814
0 0.6674479166666667 0.45046296296296295 0.28177083333333336 0.4361111111111111
0 0.21302083333333333 0.3277777777777778 0.2875 0.2222222222222222
0 0.10130208333333333 0.6259259259259259 0.20260416666666667 0.32407407407407407
0 0.6109375 0.08194444444444444 0.04479166666666667 0.05092592592592592
0 0.13567708333333334 0.17037037037037037 0.021354166666666667 0.05
0 0.8986979166666667 0.5189814814814815 0.19322916666666667 0.2824074074074074
0 0.90703125 0.35833333333333334 0.18489583333333334 0.1962962962962963
0 0.3651041666666667 0.09722222222222222 0.03229166666666667 0.03333333333333333
0 0.5791666666666667 0.07083333333333333 0.014583333333333334 0.026851851851851852
0 0.8533854166666667 0.16527777777777777 0.021354166666666667 0.03981481481481482
0 0.7390625 0.1375 0.04583333333333333 0.06018518518518518
0 0.7893229166666667 0.15555555555555556 0.0609375 0.06666666666666667
0 0.7143229166666667 0.22685185185185186 0.1203125 0.13703703703703704
0 0.13151041666666666 0.1287037037037037 0.013020833333333334 0.03518518518518519