0 0.57890625 0.3060185185185185 0.20260416666666667 0.2824074074074074
0 0.40651041666666665 0.5615740740740741 0.24322916666666666 0.5898148148148148
0 0.21458333333333332 0.32592592592592595 0.28854166666666664 0.22407407407407406
0 0.7747395833333334 0.29768518518518516 0.13697916666666668 0.13796296296296295
0 0.47421875 0.16064814814814815 0.11510416666666666 0.1287037037037037
0 0.10104166666666667 0.6282407407407408 0.20208333333333334 0.32685185185185184
0 0.13411458333333334 0.46296296296296297 0.26614583333333336 0.31851851851851853
0 0.3140625 0.9657407407407408 0.05625 0.06666666666666667
0 0.8932291666666666 0.5185185185185185 0.2125 0.2814814814814815
0 0.915625 0.3574074074074074 0.16770833333333332 0.1962962962962963
0 0.6111979166666667 0.08194444444444444 0.043229166666666666 0.05277777777777778
0 0.17916666666666667 0.13796296296296295 0.052083333333333336 0.07962962962962963
0 0.16432291666666668 0.9569444444444445 0.16822916666666668 0.08425925925925926
0 0.7265625 0.22685185185185186 0.109375 0.13148148148148148