0 0.4114583333333333 0.13333333333333333 0.09791666666666667 0.08148148148148149
0 0.40703125 0.5675925925925925 0.24427083333333333 0.5833333333333334
0 0.13411458333333334 0.45601851851851855 0.26614583333333336 0.30648148148148147
0 0.10130208333333333 0.6268518518518519 0.20260416666666667 0.32592592592592595
0 0.21380208333333334 0.3439814814814815 0.2859375 0.19166666666666668
0 0.3140625 0.9652777777777778 0.057291666666666664 0.06759259259259259
0 0.9078125 0.3578703703703704 0.18333333333333332 0.19537037037037036
0 0.6856770833333333 0.44907407407407407 0.2838541666666667 0.43333333333333335
0 0.14140625 0.16666666666666666 0.0328125 0.05925925925925926
0 0.44921875 0.05138888888888889 0.043229166666666666 0.028703703703703703
0 0.240625 0.1486111111111111 0.09791666666666667 0.08055555555555556
0 0.89375 0.5069444444444444 0.21145833333333333 0.2601851851851852
0 0.37057291666666664 0.14953703703703702 0.0609375 0.06574074074074074
0 0.6981770833333333 0.16574074074074074 0.09010416666666667 0.06666666666666667
0 0.16458333333333333 0.9564814814814815 0.16875 0.08518518518518518
0 0.6028645833333334 0.08101851851851852 0.0609375 0.05277777777777778
0 0.5791666666666667 0.07037037037037037 0.014583333333333334 0.027777777777777776
0 0.7140625 0.22962962962962963 0.11979166666666667 0.13703703703703704
0 0.7872395833333333 0.1550925925925926 0.05677083333333333 0.06574074074074074
0 0.31588541666666664 0.2310185185185185 0.09114583333333333 0.0712962962962963
0 0.9783854166666667 0.35555555555555557 0.0421875 0.09444444444444444
0 0.7380208333333333 0.1375 0.05520833333333333 0.06018518518518518
0 0.7747395833333334 0.29768518518518516 0.13697916666666668 0.13796296296296295