0 0.40677083333333336 0.5662037037037037 0.24270833333333333 0.5768518518518518
0 0.7744791666666667 0.29814814814814816 0.13645833333333332 0.13703703703703704
0 0.48046875 0.20925925925925926 0.1234375 0.17962962962962964
0 0.2171875 0.3263888888888889 0.284375 0.225
0 0.13411458333333334 0.462037037037037 0.26614583333333336 0.31296296296296294
0 0.10104166666666667 0.6268518518518519 0.20208333333333334 0.32407407407407407
0 0.3140625 0.9657407407407408 0.05625 0.06666666666666667
0 0.9145833333333333 0.35833333333333334 0.16979166666666667 0.19444444444444445
0 0.8927083333333333 0.5171296296296296 0.21354166666666666 0.27870370370370373
0 0.6098958333333333 0.07962962962962963 0.04583333333333333 0.04814814814814815
0 0.4700520833333333 0.14537037037037037 0.13177083333333334 0.10185185185185185
0 0.7369791666666666 0.20416666666666666 0.075 0.08796296296296297
0 0.7661458333333333 0.14675925925925926 0.10104166666666667 0.08055555555555556
0 0.6856770833333333 0.14166666666666666 0.06302083333333333 0.07962962962962963
0 0.13359375 0.13055555555555556 0.016145833333333335 0.03888888888888889
0 0.7966145833333333 0.15555555555555556 0.04010416666666667 0.06296296296296296
0 0.31145833333333334 0.2324074074074074 0.08229166666666667 0.07037037037037037
0 0.2799479166666667 0.21666666666666667 0.1546875 0.10185185185185185