0 0.40703125 0.5601851851851852 0.24322916666666666 0.5907407407407408
0 0.7744791666666667 0.29814814814814816 0.13645833333333332 0.13703703703703704
0 0.5578125 0.125 0.08229166666666667 0.05925925925925926
0 0.21484375 0.3263888888888889 0.2890625 0.225
0 0.3140625 0.9657407407407408 0.05625 0.06666666666666667
0 0.10104166666666667 0.6240740740740741 0.20208333333333334 0.31851851851851853
0 0.13411458333333334 0.4638888888888889 0.26614583333333336 0.32037037037037036
0 0.909375 0.35462962962962963 0.18125 0.18703703703703703
0 0.73515625 0.20694444444444443 0.07760416666666667 0.09166666666666666
0 0.8932291666666666 0.5162037037037037 0.2125 0.27685185185185185
0 0.6317708333333333 0.10046296296296296 0.03229166666666667 0.03425925925925926
0 0.36484375 0.09398148148148149 0.0328125 0.041666666666666664
0 0.14583333333333334 0.1550925925925926 0.041666666666666664 0.08796296296296297