0 0.40677083333333336 0.5652777777777778 0.24270833333333333 0.575
0 0.77421875 0.29814814814814816 0.1359375 0.13703703703703704
0 0.47265625 0.19953703703703704 0.11614583333333334 0.16574074074074074
0 0.21744791666666666 0.32685185185185184 0.2828125 0.22407407407407406
0 0.13385416666666666 0.4634259259259259 0.26666666666666666 0.31574074074074077
0 0.3138020833333333 0.9657407407407408 0.05572916666666667 0.06666666666666667
0 0.10104166666666667 0.6263888888888889 0.20208333333333334 0.32314814814814813
0 0.91171875 0.35833333333333334 0.1765625 0.19444444444444445
0 0.14192708333333334 0.15648148148148147 0.034895833333333334 0.08703703703703704
0 0.7361979166666667 0.2064814814814815 0.0765625 0.08888888888888889
0 0.8921875 0.5175925925925926 0.21458333333333332 0.2777777777777778
0 0.30078125 0.11018518518518519 0.034895833333333334 0.06851851851851852
0 0.7388020833333333 0.13796296296296295 0.04739583333333333 0.05925925925925926
0 0.5322916666666667 0.1574074074074074 0.1 0.10185185185185185
0 0.7971354166666667 0.15416666666666667 0.04010416666666667 0.062037037037037036
0 0.16484375 0.9569444444444445 0.16822916666666668 0.08425925925925926
0 0.76640625 0.14629629629629629 0.1015625 0.07962962962962963
0 0.28229166666666666 0.2162037037037037 0.15833333333333333 0.10092592592592593