0 0.40677083333333336 0.5578703703703703 0.24270833333333333 0.5935185185185186
0 0.7747395833333334 0.29814814814814816 0.13697916666666668 0.13703703703703704
0 0.5294270833333333 0.14629629629629629 0.0984375 0.08333333333333333
0 0.21822916666666667 0.32222222222222224 0.2833333333333333 0.22407407407407406
0 0.134375 0.4638888888888889 0.265625 0.32037037037037036
0 0.3140625 0.9657407407407408 0.05625 0.06666666666666667
0 0.10104166666666667 0.6282407407407408 0.20208333333333334 0.32685185185185184
0 0.915625 0.3560185185185185 0.16770833333333332 0.18981481481481483
0 0.13411458333333334 0.13194444444444445 0.018229166666666668 0.04351851851851852
0 0.734375 0.20787037037037037 0.078125 0.09351851851851851
0 0.8927083333333333 0.5166666666666667 0.21354166666666666 0.2777777777777778
0 0.71328125 0.14722222222222223 0.06510416666666667 0.037037037037037035
0 0.31171875 0.2324074074074074 0.08385416666666666 0.07037037037037037
0 0.8604166666666667 0.19490740740740742 0.04479166666666667 0.05462962962962963
0 0.36354166666666665 0.15231481481481482 0.06041666666666667 0.06574074074074074
0 0.6109375 0.08055555555555556 0.042708333333333334 0.04814814814814815