0 0.40703125 0.5662037037037037 0.24322916666666666 0.575
0 0.7747395833333334 0.29814814814814816 0.13697916666666668 0.13703703703703704
0 0.48072916666666665 0.21203703703703702 0.11979166666666667 0.17777777777777778
0 0.21692708333333333 0.32731481481481484 0.2838541666666667 0.225
0 0.13385416666666666 0.46296296296296297 0.26666666666666666 0.3148148148148148
0 0.3140625 0.9657407407407408 0.05625 0.06666666666666667
0 0.10104166666666667 0.6268518518518519 0.20208333333333334 0.32407407407407407
0 0.909375 0.3578703703703704 0.18125 0.1935185185185185
0 0.89296875 0.5162037037037037 0.21302083333333333 0.27685185185185185
0 0.6104166666666667 0.08009259259259259 0.04479166666666667 0.049074074074074076
0 0.45286458333333335 0.1439814814814815 0.10572916666666667 0.10092592592592593
0 0.6856770833333333 0.14027777777777778 0.06302083333333333 0.07685185185185185
0 0.31640625 0.22870370370370371 0.09114583333333333 0.07407407407407407
0 0.22864583333333333 0.12407407407407407 0.042708333333333334 0.06666666666666667
0 0.9786458333333333 0.35648148148148145 0.041666666666666664 0.09444444444444444
0 0.7953125 0.1550925925925926 0.04479166666666667 0.06388888888888888
0 0.4739583333333333 0.08888888888888889 0.03958333333333333 0.046296296296296294
0 0.3145833333333333 0.14351851851851852 0.06041666666666667 0.05925925925925926
0 0.35885416666666664 0.14351851851851852 0.05520833333333333 0.04814814814814815
0 0.28229166666666666 0.2175925925925926 0.159375 0.1