0 0.40703125 0.5564814814814815 0.24322916666666666 0.587037037037037
0 0.7744791666666667 0.29814814814814816 0.13645833333333332 0.13703703703703704
0 0.21822916666666667 0.324537037037037 0.28229166666666666 0.22314814814814815
0 0.4596354166666667 0.15138888888888888 0.13697916666666668 0.11388888888888889
0 0.10104166666666667 0.6273148148148148 0.20208333333333334 0.32685185185185184
0 0.19140625 0.1300925925925926 0.016145833333333335 0.03981481481481482
0 0.909375 0.35694444444444445 0.18125 0.19166666666666668
0 0.3140625 0.9657407407407408 0.05625 0.06666666666666667
0 0.13203125 0.13287037037037036 0.0140625 0.04351851851851852
0 0.13411458333333334 0.4546296296296296 0.26510416666666664 0.3037037037037037
0 0.6111979166666667 0.08148148148148149 0.043229166666666666 0.05
0 0.8921875 0.5175925925925926 0.21458333333333332 0.2796296296296296
0 0.7625 0.13472222222222222 0.09583333333333334 0.05648148148148148
0 0.2942708333333333 0.09814814814814815 0.022916666666666665 0.04259259259259259
0 0.2921875 0.21666666666666667 0.134375 0.1