0 0.40703125 0.5657407407407408 0.24322916666666666 0.575925925925926
0 0.490625 0.22453703703703703 0.13020833333333334 0.19907407407407407
0 0.21614583333333334 0.32685185185185184 0.2864583333333333 0.22407407407407406
0 0.13411458333333334 0.4601851851851852 0.26614583333333336 0.31296296296296294
0 0.10104166666666667 0.6273148148148148 0.20208333333333334 0.325
0 0.31354166666666666 0.9657407407407408 0.05625 0.06666666666666667
0 0.7739583333333333 0.29814814814814816 0.13854166666666667 0.13703703703703704
0 0.9091145833333333 0.3574074074074074 0.18177083333333333 0.1925925925925926
0 0.6109375 0.08194444444444444 0.04479166666666667 0.05277777777777778
0 0.8924479166666667 0.5175925925925926 0.2140625 0.2796296296296296
0 0.4765625 0.1425925925925926 0.115625 0.08888888888888889
0 0.73515625 0.2074074074074074 0.07760416666666667 0.09074074074074075
0 0.7651041666666667 0.14629629629629629 0.103125 0.07962962962962963
0 0.22890625 0.12314814814814815 0.044270833333333336 0.07777777777777778
0 0.9786458333333333 0.35694444444444445 0.041666666666666664 0.09537037037037037
0 0.290625 0.2175925925925926 0.12916666666666668 0.09814814814814815