0 0.40677083333333336 0.5574074074074075 0.24270833333333333 0.5907407407407408
0 0.7744791666666667 0.29814814814814816 0.13645833333333332 0.13703703703703704
0 0.24739583333333334 0.1439814814814815 0.10625 0.07314814814814814
0 0.3140625 0.9657407407407408 0.05625 0.06666666666666667
0 0.21848958333333332 0.3236111111111111 0.2828125 0.22314814814814815
0 0.15 0.16111111111111112 0.051041666666666666 0.09814814814814815
0 0.10130208333333333 0.6199074074074075 0.20260416666666667 0.3101851851851852
0 0.13385416666666666 0.46111111111111114 0.26666666666666666 0.31851851851851853
0 0.9151041666666667 0.35462962962962963 0.16875 0.18703703703703703
0 0.5286458333333334 0.16342592592592592 0.05416666666666667 0.049074074074074076
0 0.6111979166666667 0.08194444444444444 0.043229166666666666 0.05092592592592592
0 0.8924479166666667 0.5175925925925926 0.21302083333333333 0.2796296296296296
0 0.3653645833333333 0.09722222222222222 0.0328125 0.03333333333333333
0 0.16510416666666666 0.9564814814814815 0.16770833333333332 0.08518518518518518
0 0.29401041666666666 0.21666666666666667 0.1359375 0.1