0 0.40703125 0.5643518518518519 0.2421875 0.575
0 0.45338541666666665 0.18888888888888888 0.09427083333333333 0.15185185185185185
0 0.7744791666666667 0.29814814814814816 0.13645833333333332 0.13703703703703704
0 0.21666666666666667 0.3263888888888889 0.28541666666666665 0.225
0 0.10104166666666667 0.6268518518518519 0.20208333333333334 0.32407407407407407
0 0.21640625 0.1175925925925926 0.07239583333333334 0.09444444444444444
0 0.13385416666666666 0.4634259259259259 0.26666666666666666 0.3194444444444444
0 0.9080729166666667 0.35509259259259257 0.1828125 0.18796296296296297
0 0.5716145833333334 0.1425925925925926 0.05677083333333333 0.08333333333333333
0 0.32526041666666666 0.9634259259259259 0.07864583333333333 0.0712962962962963
0 0.89296875 0.5175925925925926 0.21302083333333333 0.2796296296296296
0 0.6028645833333334 0.08148148148148149 0.0609375 0.053703703703703705
0 0.17708333333333334 0.13287037037037036 0.019791666666666666 0.04537037037037037
0 0.45703125 0.050462962962962966 0.05572916666666667 0.032407407407407406
0 0.7372395833333333 0.20416666666666666 0.0734375 0.08611111111111111
0 0.76640625 0.1476851851851852 0.10364583333333334 0.0824074074074074
0 0.43203125 0.11574074074074074 0.11614583333333334 0.0962962962962963