0 0.56796875 0.28888888888888886 0.2078125 0.26666666666666666
0 0.40729166666666666 0.5587962962962963 0.24270833333333333 0.5898148148148148
0 0.16067708333333333 0.13657407407407407 0.07239583333333334 0.08055555555555556
0 0.775 0.29768518518518516 0.1375 0.13796296296296295
0 0.13411458333333334 0.42916666666666664 0.26614583333333336 0.25462962962962965
0 0.3140625 0.9657407407407408 0.05520833333333333 0.06666666666666667
0 0.10104166666666667 0.6231481481481481 0.20208333333333334 0.31666666666666665
0 0.2171875 0.325 0.2833333333333333 0.2222222222222222
0 0.9088541666666666 0.3537037037037037 0.18125 0.18703703703703703
0 0.89296875 0.5175925925925926 0.21197916666666666 0.2796296296296296
0 0.6109375 0.08101851851851852 0.04375 0.05277777777777778
0 0.16510416666666666 0.9564814814814815 0.16979166666666667 0.08518518518518518
0 0.7395833333333334 0.1375 0.04479166666666667 0.06018518518518518
0 0.2825520833333333 0.21805555555555556 0.15885416666666666 0.09907407407407408
0 0.5809895833333333 0.06666666666666667 0.016145833333333335 0.037037037037037035
0 0.3653645833333333 0.09537037037037037 0.0328125 0.037037037037037035
0 0.7901041666666667 0.15555555555555556 0.05520833333333333 0.06666666666666667