0 0.40677083333333336 0.5578703703703703 0.24270833333333333 0.5916666666666667
0 0.7747395833333334 0.29814814814814816 0.13697916666666668 0.13703703703703704
0 0.5049479166666667 0.1388888888888889 0.11822916666666666 0.08518518518518518
0 0.21640625 0.3226851851851852 0.2859375 0.225
0 0.3138020833333333 0.9657407407407408 0.05572916666666667 0.06666666666666667
0 0.6111979166666667 0.08148148148148149 0.044270833333333336 0.05
0 0.10104166666666667 0.6240740740740741 0.20208333333333334 0.31851851851851853
0 0.134375 0.4625 0.265625 0.3175925925925926
0 0.13333333333333333 0.13240740740740742 0.016666666666666666 0.04259259259259259
0 0.8627604166666667 0.19675925925925927 0.04114583333333333 0.05092592592592592
0 0.6627604166666666 0.13240740740740742 0.08072916666666667 0.06296296296296296
0 0.9075520833333334 0.35694444444444445 0.18385416666666668 0.19166666666666668
0 0.7346354166666667 0.2074074074074074 0.07864583333333333 0.09259259259259259
0 0.89296875 0.5171296296296296 0.21302083333333333 0.27870370370370373
0 0.7890625 0.1550925925925926 0.057291666666666664 0.06574074074074074
0 0.3653645833333333 0.09722222222222222 0.0328125 0.03333333333333333
0 0.49296875 0.055092592592592596 0.058854166666666666 0.032407407407407406
0 0.29140625 0.11342592592592593 0.018229166666666668 0.07685185185185185
0 0.16796875 0.1300925925925926 0.027604166666666666 0.0787037037037037
0 0.73671875 0.13842592592592592 0.05260416666666667 0.06018518518518518
0 0.29401041666666666 0.21574074074074073 0.1359375 0.10185185185185185