0 0.4002604166666667 0.13240740740740742 0.1203125 0.07962962962962963
0 0.40729166666666666 0.5657407407407408 0.24375 0.5833333333333334
0 0.21953125 0.14537037037037037 0.06510416666666667 0.07777777777777778
0 0.13411458333333334 0.4398148148148148 0.26614583333333336 0.2722222222222222
0 0.7747395833333334 0.29768518518518516 0.13697916666666668 0.13796296296296295
0 0.3138020833333333 0.9657407407407408 0.05677083333333333 0.06666666666666667
0 0.21536458333333333 0.3314814814814815 0.28489583333333335 0.21296296296296297
0 0.10130208333333333 0.6259259259259259 0.20260416666666667 0.32407407407407407
0 0.9075520833333334 0.3578703703703704 0.18385416666666668 0.19537037037037036
0 0.13151041666666666 0.13194444444444445 0.0140625 0.04351851851851852
0 0.8950520833333333 0.5083333333333333 0.20885416666666667 0.2611111111111111
0 0.4473958333333333 0.050462962962962966 0.046875 0.030555555555555555
0 0.16458333333333333 0.9564814814814815 0.16875 0.08518518518518518
0 0.7890625 0.15555555555555556 0.06041666666666667 0.06666666666666667
0 0.6986979166666667 0.16574074074074074 0.0890625 0.06666666666666667
0 0.6583333333333333 0.44212962962962965 0.22916666666666666 0.41944444444444445
0 0.5791666666666667 0.0712962962962963 0.013541666666666667 0.027777777777777776
0 0.7143229166666667 0.22962962962962963 0.1203125 0.1388888888888889
0 0.7361979166666667 0.13796296296296295 0.050520833333333334 0.05925925925925926
0 0.7234375 0.5273148148148148 0.20833333333333334 0.25833333333333336
0 0.28229166666666666 0.21666666666666667 0.15833333333333333 0.1
0 0.6028645833333334 0.08055555555555556 0.059895833333333336 0.05185185185185185