0 0.40703125 0.5574074074074075 0.2421875 0.5925925925925926
0 0.4359375 0.15925925925925927 0.121875 0.1259259259259259
0 0.2125 0.13055555555555556 0.078125 0.06851851851851852
0 0.7747395833333334 0.29814814814814816 0.13697916666666668 0.13703703703703704
0 0.21848958333333332 0.3263888888888889 0.28177083333333336 0.225
0 0.6028645833333334 0.12546296296296297 0.11197916666666667 0.07685185185185185
0 0.13411458333333334 0.4652777777777778 0.26614583333333336 0.32685185185185184
0 0.10104166666666667 0.625462962962963 0.20208333333333334 0.3212962962962963
0 0.9153645833333334 0.3574074074074074 0.16822916666666668 0.1925925925925926
0 0.40260416666666665 0.10324074074074074 0.11354166666666667 0.09351851851851851
0 0.7369791666666666 0.20555555555555555 0.07395833333333333 0.08888888888888889
0 0.7888020833333333 0.15462962962962962 0.0578125 0.06481481481481481
0 0.7395833333333334 0.13796296296296295 0.046875 0.06111111111111111
0 0.29453125 0.21805555555555556 0.13489583333333333 0.09722222222222222
0 0.14453125 0.13194444444444445 0.0390625 0.049074074074074076
0 0.8932291666666666 0.5171296296296296 0.2125 0.27870370370370373
0 0.6028645833333334 0.07314814814814814 0.058854166666666666 0.03518518518518519