0 0.40703125 0.5560185185185185 0.24322916666666666 0.5935185185185186
0 0.45234375 0.16527777777777777 0.13385416666666666 0.1287037037037037
0 0.7744791666666667 0.29768518518518516 0.13645833333333332 0.13796296296296295
0 0.21666666666666667 0.32546296296296295 0.28541666666666665 0.225
0 0.13385416666666666 0.46435185185185185 0.26666666666666666 0.32314814814814813
0 0.5276041666666667 0.11388888888888889 0.090625 0.08333333333333333
0 0.9072916666666667 0.35694444444444445 0.184375 0.19166666666666668
0 0.10104166666666667 0.6 0.20208333333333334 0.27037037037037037
0 0.8932291666666666 0.5166666666666667 0.2125 0.2796296296296296
0 0.19192708333333333 0.1574074074074074 0.09114583333333333 0.06851851851851852
0 0.73515625 0.2074074074074074 0.07864583333333333 0.09259259259259259
0 0.49453125 0.12962962962962962 0.06927083333333334 0.07592592592592592
0 0.31588541666666664 0.2300925925925926 0.0921875 0.0712962962962963
0 0.29296875 0.21342592592592594 0.13802083333333334 0.10462962962962963