0 0.40729166666666666 0.5689814814814815 0.24375 0.5805555555555556
0 0.7747395833333334 0.29814814814814816 0.13697916666666668 0.13703703703703704
0 0.134375 0.4388888888888889 0.265625 0.27037037037037037
0 0.2140625 0.33101851851851855 0.2864583333333333 0.21388888888888888
0 0.10130208333333333 0.6259259259259259 0.20260416666666667 0.32407407407407407
0 0.3143229166666667 0.9652777777777778 0.05677083333333333 0.06759259259259259
0 0.89375 0.5189814814814815 0.21145833333333333 0.28425925925925927
0 0.9075520833333334 0.35833333333333334 0.18385416666666668 0.1962962962962963
0 0.6104166666666667 0.0787037037037037 0.04583333333333333 0.046296296296296294
0 0.13125 0.13055555555555556 0.0125 0.03888888888888889
0 0.6981770833333333 0.16574074074074074 0.09010416666666667 0.06666666666666667
0 0.13489583333333333 0.17037037037037037 0.019791666666666666 0.04259259259259259
0 0.7885416666666667 0.15555555555555556 0.057291666666666664 0.06666666666666667
0 0.5786458333333333 0.07268518518518519 0.014583333333333334 0.028703703703703703
0 0.16458333333333333 0.9564814814814815 0.16875 0.08518518518518518
0 0.3653645833333333 0.09722222222222222 0.03177083333333333 0.03333333333333333
0 0.7145833333333333 0.5314814814814814 0.1875 0.26666666666666666
0 0.6372395833333333 0.3888888888888889 0.1859375 0.31296296296296294
0 0.153125 0.1 0.021875 0.018518518518518517
0 0.7385416666666667 0.1375 0.04583333333333333 0.058333333333333334
0 0.9783854166666667 0.35694444444444445 0.0421875 0.09722222222222222
0 0.7140625 0.22777777777777777 0.11979166666666667 0.13148148148148148