0 0.40677083333333336 0.5587962962962963 0.24270833333333333 0.5898148148148148
0 0.7747395833333334 0.29768518518518516 0.13697916666666668 0.1361111111111111
0 0.21796875 0.32685185185185184 0.28177083333333336 0.22407407407407406
0 0.10104166666666667 0.624537037037037 0.20208333333333334 0.3194444444444444
0 0.3140625 0.9657407407407408 0.05625 0.06666666666666667
0 0.13411458333333334 0.462037037037037 0.26614583333333336 0.31666666666666665
0 0.9072916666666667 0.35694444444444445 0.184375 0.19166666666666668
0 0.2559895833333333 0.1537037037037037 0.0640625 0.07592592592592592
0 0.3651041666666667 0.09768518518518518 0.03229166666666667 0.032407407407407406
0 0.5341145833333333 0.1597222222222222 0.12447916666666667 0.09907407407407408
0 0.89296875 0.5175925925925926 0.21302083333333333 0.2796296296296296
0 0.7341145833333333 0.20787037037037037 0.07864583333333333 0.09537037037037037
0 0.6494791666666667 0.14027777777777778 0.11979166666666667 0.11018518518518519
0 0.5002604166666667 0.11898148148148148 0.1109375 0.06944444444444445
0 0.8239583333333333 0.1837962962962963 0.07916666666666666 0.05462962962962963
0 0.5 0.05462962962962963 0.04479166666666667 0.027777777777777776
0 0.31614583333333335 0.2300925925925926 0.09166666666666666 0.07314814814814814
0 0.6002604166666666 0.07407407407407407 0.05364583333333333 0.03518518518518519