0 0.52734375 0.13842592592592592 0.10885416666666667 0.08055555555555556
0 0.40677083333333336 0.5587962962962963 0.24270833333333333 0.5879629629629629
0 0.39869791666666665 0.10787037037037037 0.10052083333333334 0.07685185185185185
0 0.7744791666666667 0.29768518518518516 0.13645833333333332 0.1361111111111111
0 0.21354166666666666 0.325 0.290625 0.22407407407407406
0 0.10104166666666667 0.6273148148148148 0.20208333333333334 0.325
0 0.3140625 0.9657407407407408 0.05625 0.06666666666666667
0 0.13385416666666666 0.4638888888888889 0.26666666666666666 0.32407407407407407
0 0.6111979166666667 0.08101851851851852 0.043229166666666666 0.05092592592592592
0 0.9072916666666667 0.3574074074074074 0.184375 0.1925925925925926
0 0.7346354166666667 0.20787037037037037 0.07760416666666667 0.08981481481481482
0 0.6986979166666667 0.1310185185185185 0.12760416666666666 0.07685185185185185
0 0.13177083333333334 0.13240740740740742 0.0125 0.04259259259259259
0 0.89296875 0.5166666666666667 0.21302083333333333 0.2777777777777778
0 0.5033854166666667 0.055092592592592596 0.044270833333333336 0.032407407407407406
0 0.5419270833333333 0.05 0.03177083333333333 0.037037037037037035
0 0.31588541666666664 0.23055555555555557 0.0921875 0.06851851851851852
0 0.7731770833333333 0.1476851851851852 0.0890625 0.08055555555555556