0 0.49322916666666666 0.2222222222222222 0.14791666666666667 0.19444444444444445
0 0.40729166666666666 0.5569444444444445 0.24270833333333333 0.5916666666666667
0 0.7747395833333334 0.29768518518518516 0.13697916666666668 0.13796296296296295
0 0.13411458333333334 0.462037037037037 0.26614583333333336 0.32222222222222224
0 0.21770833333333334 0.325 0.28229166666666666 0.22407407407407406
0 0.10104166666666667 0.6282407407407408 0.20208333333333334 0.32685185185185184
0 0.31875 0.11064814814814815 0.07395833333333333 0.0824074074074074
0 0.3138020833333333 0.9657407407407408 0.05572916666666667 0.06666666666666667
0 0.9153645833333334 0.35555555555555557 0.16822916666666668 0.18888888888888888
0 0.14270833333333333 0.13657407407407407 0.0375 0.08425925925925926
0 0.89296875 0.5171296296296296 0.21302083333333333 0.28055555555555556
0 0.16510416666666666 0.9532407407407407 0.16875 0.09166666666666666
0 0.6109375 0.08148148148148149 0.042708333333333334 0.05
0 0.7375 0.20416666666666666 0.07291666666666667 0.08796296296296297
0 0.36744791666666665 0.062037037037037036 0.04739583333333333 0.04259259259259259
0 0.3125 0.23333333333333334 0.08645833333333333 0.07222222222222222
0 0.3658854166666667 0.09814814814814815 0.030729166666666665 0.03333333333333333
0 0.7380208333333333 0.1375 0.04791666666666667 0.06018518518518518
0 0.7903645833333334 0.1550925925925926 0.058854166666666666 0.06574074074074074