0 0.40703125 0.5652777777777778 0.24322916666666666 0.5768518518518518
0 0.7744791666666667 0.29814814814814816 0.1375 0.13703703703703704
0 0.4942708333333333 0.2263888888888889 0.13229166666666667 0.19722222222222222
0 0.21666666666666667 0.3263888888888889 0.28541666666666665 0.22314814814814815
0 0.134375 0.4601851851851852 0.265625 0.31296296296296294
0 0.10104166666666667 0.6277777777777778 0.20208333333333334 0.32592592592592595
0 0.3138020833333333 0.9657407407407408 0.05677083333333333 0.06666666666666667
0 0.9109375 0.3578703703703704 0.178125 0.1935185185185185
0 0.6109375 0.08148148148148149 0.04479166666666667 0.053703703703703705
0 0.8924479166666667 0.5111111111111111 0.2140625 0.26666666666666666
0 0.47708333333333336 0.1412037037037037 0.115625 0.08796296296296297
0 0.22864583333333333 0.12314814814814815 0.04479166666666667 0.07777777777777778
0 0.7369791666666666 0.2074074074074074 0.078125 0.09074074074074075
0 0.13463541666666667 0.13148148148148148 0.018229166666666668 0.04259259259259259
0 0.7653645833333333 0.14722222222222223 0.10364583333333334 0.08148148148148149
0 0.9786458333333333 0.3574074074074074 0.041666666666666664 0.0962962962962963
0 0.5026041666666666 0.05462962962962963 0.042708333333333334 0.03333333333333333
0 0.290625 0.21712962962962962 0.12916666666666668 0.09907407407407408