0 0.40703125 0.5662037037037037 0.24322916666666666 0.5824074074074074
0 0.134375 0.4393518518518518 0.265625 0.2712962962962963
0 0.2171875 0.32685185185185184 0.28125 0.22592592592592592
0 0.10104166666666667 0.6277777777777778 0.20208333333333334 0.32592592592592595
0 0.6606770833333333 0.4412037037037037 0.23385416666666667 0.41574074074074074
0 0.3143229166666667 0.9657407407407408 0.05677083333333333 0.06666666666666667
0 0.775 0.2972222222222222 0.1375 0.13703703703703704
0 0.8934895833333333 0.5194444444444445 0.21197916666666666 0.2833333333333333
0 0.609375 0.08148148148148149 0.04791666666666667 0.05185185185185185
0 0.9072916666666667 0.3578703703703704 0.184375 0.19722222222222222
0 0.134375 0.13194444444444445 0.01875 0.04351851851851852
0 0.3651041666666667 0.09537037037037037 0.03333333333333333 0.037037037037037035
0 0.5791666666666667 0.0699074074074074 0.014583333333333334 0.025
0 0.16484375 0.9564814814814815 0.16822916666666668 0.08518518518518518
0 0.7919270833333333 0.1550925925925926 0.0546875 0.06388888888888888
0 0.7145833333333333 0.22962962962962963 0.11979166666666667 0.14074074074074075