0 0.40729166666666666 0.5671296296296297 0.24270833333333333 0.5824074074074074
0 0.775 0.29814814814814816 0.13645833333333332 0.13703703703703704
0 0.134375 0.4388888888888889 0.265625 0.27037037037037037
0 0.10104166666666667 0.6268518518518519 0.20208333333333334 0.32407407407407407
0 0.3140625 0.9657407407407408 0.05625 0.06666666666666667
0 0.2140625 0.32685185185185184 0.2864583333333333 0.22407407407407406
0 0.6098958333333333 0.08101851851851852 0.04583333333333333 0.05092592592592592
0 0.8934895833333333 0.5189814814814815 0.21197916666666666 0.2824074074074074
0 0.90859375 0.3578703703703704 0.1828125 0.19537037037037036
0 0.13463541666666667 0.13287037037037036 0.018229166666666668 0.04351851851851852
0 0.36484375 0.09675925925925925 0.0328125 0.03425925925925926
0 0.6598958333333333 0.4412037037037037 0.23229166666666667 0.41759259259259257
0 0.5796875 0.0699074074074074 0.015625 0.030555555555555555
0 0.7151041666666667 0.22592592592592592 0.12083333333333333 0.13518518518518519
0 0.16458333333333333 0.9564814814814815 0.16875 0.08518518518518518
0 0.7388020833333333 0.13842592592592592 0.04739583333333333 0.06018518518518518
0 0.246875 0.21296296296296297 0.22916666666666666 0.10925925925925926