0 0.46041666666666664 0.11712962962962963 0.10208333333333333 0.06388888888888888
0 0.40677083333333336 0.5597222222222222 0.24270833333333333 0.5898148148148148
0 0.7744791666666667 0.29768518518518516 0.13645833333333332 0.1361111111111111
0 0.21770833333333334 0.325 0.2833333333333333 0.2222222222222222
0 0.3140625 0.9657407407407408 0.05625 0.06666666666666667
0 0.10104166666666667 0.625 0.20208333333333334 0.32037037037037036
0 0.1953125 0.14814814814814814 0.1125 0.09259259259259259
0 0.13385416666666666 0.4638888888888889 0.26666666666666666 0.32592592592592595
0 0.90703125 0.35648148148148145 0.18489583333333334 0.19074074074074074
0 0.57265625 0.15092592592592594 0.05260416666666667 0.07222222222222222
0 0.73515625 0.20787037037037037 0.07760416666666667 0.09166666666666666
0 0.3653645833333333 0.09768518518518518 0.0328125 0.032407407407407406
0 0.7893229166666667 0.15462962962962962 0.0578125 0.06481481481481481
0 0.89296875 0.5166666666666667 0.21302083333333333 0.2796296296296296
0 0.1328125 0.13333333333333333 0.014583333333333334 0.044444444444444446
0 0.6026041666666667 0.07916666666666666 0.059375 0.049074074074074076
0 0.5799479166666667 0.07175925925925926 0.0140625 0.028703703703703703
0 0.6877604166666667 0.19027777777777777 0.06927083333333334 0.0824074074074074
0 0.29270833333333335 0.2175925925925926 0.13854166666666667 0.09814814814814815