0 0.5463541666666667 0.14444444444444443 0.10416666666666667 0.07777777777777778
0 0.4075520833333333 0.5671296296296297 0.24322916666666666 0.5787037037037037
0 0.18046875 0.16064814814814815 0.10677083333333333 0.09537037037037037
0 0.7747395833333334 0.29814814814814816 0.13697916666666668 0.13703703703703704
0 0.2125 0.3388888888888889 0.2875 0.2
0 0.13411458333333334 0.44027777777777777 0.2671875 0.27314814814814814
0 0.3140625 0.9657407407407408 0.057291666666666664 0.06666666666666667
0 0.10130208333333333 0.6259259259259259 0.20260416666666667 0.32407407407407407
0 0.6606770833333333 0.45 0.2682291666666667 0.4351851851851852
0 0.6109375 0.08148148148148149 0.04479166666666667 0.05
0 0.3653645833333333 0.09675925925925925 0.0328125 0.03425925925925926
0 0.90703125 0.35833333333333334 0.18489583333333334 0.1962962962962963
0 0.9005208333333333 0.5189814814814815 0.196875 0.2824074074074074
0 0.5541666666666667 0.19537037037037036 0.03229166666666667 0.03518518518518519
0 0.5791666666666667 0.07175925925925926 0.014583333333333334 0.026851851851851852
0 0.7895833333333333 0.15555555555555556 0.06145833333333333 0.06666666666666667
0 0.16484375 0.9564814814814815 0.16822916666666668 0.08518518518518518
0 0.13046875 0.13148148148148148 0.011979166666666667 0.04259259259259259
0 0.7145833333333333 0.2263888888888889 0.12083333333333333 0.1361111111111111
0 0.2984375 0.2175925925925926 0.12708333333333333 0.09814814814814815
0 0.7393229166666667 0.1375 0.04635416666666667 0.06018518518518518