0 0.4005208333333333 0.13148148148148148 0.12083333333333333 0.07777777777777778
0 0.40703125 0.5662037037037037 0.24322916666666666 0.5842592592592593
0 0.7747395833333334 0.29768518518518516 0.13697916666666668 0.13796296296296295
0 0.3138020833333333 0.9657407407407408 0.05677083333333333 0.06666666666666667
0 0.13411458333333334 0.44351851851851853 0.26614583333333336 0.2796296296296296
0 0.215625 0.33055555555555555 0.284375 0.21481481481481482
0 0.10130208333333333 0.6259259259259259 0.20260416666666667 0.32407407407407407
0 0.23723958333333334 0.14537037037037037 0.10052083333333334 0.07777777777777778
0 0.13151041666666666 0.13194444444444445 0.0140625 0.04351851851851852
0 0.8942708333333333 0.5074074074074074 0.21041666666666667 0.25925925925925924
0 0.9075520833333334 0.3578703703703704 0.18385416666666668 0.19537037037037036
0 0.6026041666666667 0.08055555555555556 0.059375 0.05185185185185185
0 0.6596354166666667 0.44166666666666665 0.23177083333333334 0.4185185185185185
0 0.4471354166666667 0.050462962962962966 0.04739583333333333 0.030555555555555555
0 0.16458333333333333 0.9564814814814815 0.16875 0.08518518518518518
0 0.6986979166666667 0.16620370370370371 0.0890625 0.06759259259259259
0 0.7140625 0.2273148148148148 0.12083333333333333 0.13425925925925927
0 0.78828125 0.15555555555555556 0.06197916666666667 0.06666666666666667
0 0.7375 0.13796296296296295 0.051041666666666666 0.05925925925925926
0 0.28229166666666666 0.21666666666666667 0.15833333333333333 0.1