0 0.40677083333333336 0.5643518518518519 0.24270833333333333 0.5768518518518518
0 0.45338541666666665 0.1865740740740741 0.09947916666666666 0.14907407407407408
0 0.7747395833333334 0.29814814814814816 0.13697916666666668 0.13703703703703704
0 0.21796875 0.3236111111111111 0.2828125 0.21944444444444444
0 0.13385416666666666 0.4583333333333333 0.26666666666666666 0.3074074074074074
0 0.10104166666666667 0.6231481481481481 0.20208333333333334 0.31666666666666665
0 0.3138020833333333 0.9657407407407408 0.05677083333333333 0.06666666666666667
0 0.9072916666666667 0.3578703703703704 0.184375 0.19537037037037036
0 0.3841145833333333 0.14537037037037037 0.0421875 0.05740740740740741
0 0.8927083333333333 0.5166666666666667 0.21354166666666666 0.2777777777777778
0 0.16197916666666667 0.15092592592592594 0.075 0.08333333333333333
0 0.56953125 0.15555555555555556 0.0546875 0.07777777777777778
0 0.3111979166666667 0.23194444444444445 0.08177083333333333 0.06944444444444445
0 0.2828125 0.21712962962962962 0.15833333333333333 0.10092592592592593