0 0.40729166666666666 0.5634259259259259 0.24270833333333333 0.5824074074074074
0 0.7747395833333334 0.29814814814814816 0.13697916666666668 0.1388888888888889
0 0.6591145833333333 0.4476851851851852 0.23072916666666668 0.4305555555555556
0 0.21666666666666667 0.32685185185185184 0.284375 0.22592592592592592
0 0.134375 0.44537037037037036 0.265625 0.2851851851851852
0 0.10104166666666667 0.6291666666666667 0.20208333333333334 0.33055555555555555
0 0.6109375 0.08101851851851852 0.04479166666666667 0.05277777777777778
0 0.13411458333333334 0.13287037037037036 0.018229166666666668 0.04351851851851852
0 0.9091145833333333 0.3587962962962963 0.18177083333333333 0.19537037037037036
0 0.31796875 0.9652777777777778 0.0640625 0.06759259259259259
0 0.3653645833333333 0.0962962962962963 0.0328125 0.03518518518518519
0 0.58046875 0.06898148148148148 0.015104166666666667 0.03425925925925926
0 0.7140625 0.2273148148148148 0.11979166666666667 0.1398148148148148
0 0.16458333333333333 0.9564814814814815 0.16875 0.08518518518518518
0 0.7388020833333333 0.13796296296296295 0.04635416666666667 0.06111111111111111
0 0.7890625 0.1550925925925926 0.057291666666666664 0.06574074074074074
0 0.8934895833333333 0.5189814814814815 0.21197916666666666 0.28425925925925927