0 0.546875 0.2722222222222222 0.18854166666666666 0.2462962962962963
0 0.40677083333333336 0.5648148148148148 0.24375 0.587037037037037
0 0.775 0.29814814814814816 0.1375 0.13703703703703704
0 0.21614583333333334 0.3263888888888889 0.2864583333333333 0.225
0 0.13385416666666666 0.46111111111111114 0.26666666666666666 0.3148148148148148
0 0.10104166666666667 0.6291666666666667 0.20208333333333334 0.3287037037037037
0 0.4705729166666667 0.14953703703703702 0.1046875 0.10277777777777777
0 0.3140625 0.9657407407407408 0.05625 0.06666666666666667
0 0.9125 0.3578703703703704 0.17395833333333333 0.1935185185185185
0 0.6109375 0.0824074074074074 0.04375 0.05185185185185185
0 0.8932291666666666 0.5189814814814815 0.2125 0.2824074074074074
0 0.503125 0.05555555555555555 0.04583333333333333 0.02962962962962963
0 0.29453125 0.2175925925925926 0.13489583333333333 0.09814814814814815