0 0.40703125 0.5634259259259259 0.24322916666666666 0.5712962962962963
0 0.7747395833333334 0.29814814814814816 0.13802083333333334 0.13703703703703704
0 0.21848958333333332 0.32546296296296295 0.28177083333333336 0.2212962962962963
0 0.4861979166666667 0.21574074074074073 0.12760416666666666 0.18333333333333332
0 0.13385416666666666 0.46064814814814814 0.26666666666666666 0.3138888888888889
0 0.10104166666666667 0.6282407407407408 0.20208333333333334 0.325
0 0.31354166666666666 0.9652777777777778 0.05520833333333333 0.06759259259259259
0 0.9153645833333334 0.3523148148148148 0.16822916666666668 0.1824074074074074
0 0.8916666666666667 0.5175925925925926 0.21458333333333332 0.2796296296296296
0 0.22578125 0.13194444444444445 0.050520833333333334 0.09537037037037037
0 0.4825520833333333 0.14814814814814814 0.13802083333333334 0.1037037037037037
0 0.7661458333333333 0.14675925925925926 0.10208333333333333 0.08055555555555556