0 0.40677083333333336 0.5587962962962963 0.24270833333333333 0.5879629629629629
0 0.7744791666666667 0.29814814814814816 0.13645833333333332 0.13703703703703704
0 0.4315104166666667 0.14722222222222223 0.14322916666666666 0.10925925925925926
0 0.14765625 0.1527777777777778 0.04635416666666667 0.07777777777777778
0 0.13385416666666666 0.4634259259259259 0.26666666666666666 0.3212962962962963
0 0.21796875 0.32685185185185184 0.2828125 0.22777777777777777
0 0.10104166666666667 0.6259259259259259 0.20208333333333334 0.32222222222222224
0 0.9072916666666667 0.35648148148148145 0.184375 0.19074074074074074
0 0.31354166666666666 0.9657407407407408 0.05625 0.06666666666666667
0 0.6963541666666667 0.15555555555555556 0.084375 0.05925925925925926
0 0.89296875 0.5171296296296296 0.21302083333333333 0.27870370370370373
0 0.7354166666666667 0.2074074074074074 0.07708333333333334 0.09074074074074075
0 0.60234375 0.08148148148148149 0.059895833333333336 0.05185185185185185
0 0.31145833333333334 0.23194444444444445 0.08333333333333333 0.06944444444444445
0 0.35911458333333335 0.09212962962962963 0.06927083333333334 0.03611111111111111
0 0.47604166666666664 0.05092592592592592 0.09166666666666666 0.04259259259259259
0 0.14479166666666668 0.10462962962962963 0.03958333333333333 0.025925925925925925