0 0.40677083333333336 0.5615740740740741 0.24270833333333333 0.5898148148148148
0 0.775 0.29814814814814816 0.1375 0.13703703703703704
0 0.50859375 0.15694444444444444 0.14114583333333333 0.11018518518518519
0 0.21640625 0.324537037037037 0.2859375 0.22685185185185186
0 0.3138020833333333 0.9657407407407408 0.05572916666666667 0.06666666666666667
0 0.13385416666666666 0.46296296296296297 0.26666666666666666 0.31666666666666665
0 0.10104166666666667 0.6263888888888889 0.20208333333333334 0.32314814814814813
0 0.6109375 0.08101851851851852 0.042708333333333334 0.05092592592592592
0 0.9145833333333333 0.35833333333333334 0.16979166666666667 0.19444444444444445
0 0.4940104166666667 0.05185185185185185 0.0578125 0.03888888888888889
0 0.8825520833333333 0.5171296296296296 0.23385416666666667 0.28055555555555556
0 0.3653645833333333 0.09722222222222222 0.0328125 0.03333333333333333
0 0.3109375 0.2324074074074074 0.08229166666666667 0.07037037037037037
0 0.7348958333333333 0.20879629629629629 0.07708333333333334 0.09166666666666666
0 0.8752604166666667 0.1986111111111111 0.018229166666666668 0.04351851851851852
0 0.2546875 0.12731481481481483 0.12083333333333333 0.10462962962962963
0 0.6893229166666667 0.17083333333333334 0.0734375 0.05648148148148148
0 0.78984375 0.1550925925925926 0.0546875 0.06388888888888888
0 0.7375 0.1361111111111111 0.04583333333333333 0.05740740740740741
0 0.14427083333333332 0.15231481481481482 0.03958333333333333 0.0824074074074074