0 0.40677083333333336 0.5578703703703703 0.24270833333333333 0.5916666666666667
0 0.7747395833333334 0.29814814814814816 0.13697916666666668 0.13703703703703704
0 0.13411458333333334 0.46296296296296297 0.26614583333333336 0.32037037037037036
0 0.21458333333333332 0.3263888888888889 0.28958333333333336 0.225
0 0.10104166666666667 0.6240740740740741 0.20208333333333334 0.31851851851851853
0 0.3140625 0.9657407407407408 0.05625 0.06666666666666667
0 0.6109375 0.08055555555555556 0.042708333333333334 0.05
0 0.9075520833333334 0.35555555555555557 0.18385416666666668 0.18888888888888888
0 0.5705729166666667 0.14953703703703702 0.059895833333333336 0.08055555555555556
0 0.5479166666666667 0.0712962962962963 0.036458333333333336 0.046296296296296294
0 0.3653645833333333 0.09814814814814815 0.03177083333333333 0.03148148148148148
0 0.8932291666666666 0.5175925925925926 0.2125 0.2796296296296296
0 0.7356770833333334 0.2074074074074074 0.07552083333333333 0.08888888888888889
0 0.22890625 0.1685185185185185 0.04635416666666667 0.07037037037037037
0 0.134375 0.13194444444444445 0.017708333333333333 0.041666666666666664
0 0.32708333333333334 0.12824074074074074 0.08958333333333333 0.08796296296296297
0 0.22369791666666666 0.12777777777777777 0.05364583333333333 0.06481481481481481