0 0.40677083333333336 0.5606481481481481 0.24270833333333333 0.5879629629629629
0 0.77421875 0.29814814814814816 0.1359375 0.13703703703703704
0 0.21614583333333334 0.32546296296296295 0.2864583333333333 0.22685185185185186
0 0.13411458333333334 0.4638888888888889 0.26614583333333336 0.31851851851851853
0 0.3828125 0.12731481481481483 0.15104166666666666 0.09537037037037037
0 0.10104166666666667 0.625462962962963 0.20208333333333334 0.32314814814814813
0 0.14010416666666667 0.1699074074074074 0.030208333333333334 0.049074074074074076
0 0.3140625 0.9652777777777778 0.05625 0.06759259259259259
0 0.9072916666666667 0.3587962962962963 0.184375 0.19537037037037036
0 0.13489583333333333 0.12916666666666668 0.019791666666666666 0.03796296296296296
0 0.7348958333333333 0.20787037037037037 0.078125 0.08981481481481482
0 0.8927083333333333 0.5166666666666667 0.21354166666666666 0.2777777777777778
0 0.7346354166666667 0.14722222222222223 0.0546875 0.04259259259259259
0 0.4375 0.04583333333333333 0.06458333333333334 0.03425925925925926
0 0.76484375 0.14675925925925926 0.10364583333333334 0.0824074074074074
0 0.31588541666666664 0.2310185185185185 0.0921875 0.06944444444444445
0 0.6901041666666666 0.18564814814814815 0.071875 0.08425925925925926
0 0.5361979166666667 0.12407407407407407 0.04635416666666667 0.053703703703703705