0 0.40729166666666666 0.5662037037037037 0.24270833333333333 0.5805555555555556
0 0.13463541666666667 0.43842592592592594 0.26510416666666664 0.26944444444444443
0 0.7747395833333334 0.29768518518518516 0.13697916666666668 0.13796296296296295
0 0.10104166666666667 0.6268518518518519 0.20208333333333334 0.32592592592592595
0 0.21328125 0.3277777777777778 0.2869791666666667 0.22592592592592592
0 0.3138020833333333 0.9652777777777778 0.05677083333333333 0.06759259259259259
0 0.13515625 0.13287037037037036 0.0203125 0.04351851851851852
0 0.6106770833333334 0.08101851851851852 0.0453125 0.05092592592592592
0 0.6619791666666667 0.45092592592592595 0.23645833333333333 0.43703703703703706
0 0.9075520833333334 0.35833333333333334 0.18385416666666668 0.1962962962962963
0 0.3651041666666667 0.09537037037037037 0.03333333333333333 0.037037037037037035
0 0.8934895833333333 0.5185185185185185 0.21197916666666666 0.2814814814814815
0 0.7888020833333333 0.15601851851851853 0.0578125 0.06574074074074074
0 0.58046875 0.07083333333333333 0.013020833333333334 0.028703703703703703
0 0.7388020833333333 0.13796296296296295 0.0453125 0.05925925925925926
0 0.7143229166666667 0.22546296296296298 0.1203125 0.13240740740740742