0 0.37864583333333335 0.13148148148148148 0.09895833333333333 0.07222222222222222
0 0.40677083333333336 0.5592592592592592 0.24270833333333333 0.5907407407407408
0 0.7744791666666667 0.29814814814814816 0.13645833333333332 0.13703703703703704
0 0.16197916666666667 0.15324074074074073 0.075 0.07685185185185185
0 0.21458333333333332 0.32592592592592595 0.28854166666666664 0.22592592592592592
0 0.3143229166666667 0.9657407407407408 0.05677083333333333 0.06666666666666667
0 0.10104166666666667 0.625 0.20208333333333334 0.32222222222222224
0 0.13411458333333334 0.462037037037037 0.26614583333333336 0.31851851851851853
0 0.9130208333333333 0.35648148148148145 0.17291666666666666 0.19074074074074074
0 0.56171875 0.12314814814814815 0.12135416666666667 0.06111111111111111
0 0.7354166666666667 0.20694444444444443 0.078125 0.09166666666666666
0 0.89296875 0.5180555555555556 0.21302083333333333 0.28055555555555556
0 0.44192708333333336 0.05740740740740741 0.028645833333333332 0.016666666666666666
0 0.6109375 0.08009259259259259 0.042708333333333334 0.04722222222222222
0 0.7893229166666667 0.1550925925925926 0.05572916666666667 0.06574074074074074
0 0.6880208333333333 0.16944444444444445 0.071875 0.05740740740740741
0 0.31588541666666664 0.22916666666666666 0.0921875 0.07314814814814814
0 0.5494791666666666 0.08009259259259259 0.04895833333333333 0.04722222222222222