0 0.40677083333333336 0.5574074074074075 0.24270833333333333 0.5907407407407408
0 0.7744791666666667 0.29814814814814816 0.1375 0.13703703703703704
0 0.13385416666666666 0.46435185185185185 0.26666666666666666 0.3194444444444444
0 0.3138020833333333 0.9657407407407408 0.05572916666666667 0.06666666666666667
0 0.10130208333333333 0.6240740740740741 0.20260416666666667 0.32037037037037036
0 0.21484375 0.32314814814814813 0.2890625 0.21851851851851853
0 0.9151041666666667 0.3578703703703704 0.16875 0.1935185185185185
0 0.29791666666666666 0.13796296296296295 0.028125 0.05555555555555555
0 0.7346354166666667 0.20694444444444443 0.07760416666666667 0.09166666666666666
0 0.13072916666666667 0.14305555555555555 0.0125 0.06388888888888888
0 0.37604166666666666 0.13194444444444445 0.03229166666666667 0.07314814814814814
0 0.8919270833333334 0.5171296296296296 0.21510416666666668 0.27870370370370373
0 0.7677083333333333 0.14722222222222223 0.103125 0.08333333333333333
0 0.56875 0.1175925925925926 0.036458333333333336 0.09074074074074075
0 0.6890625 0.18888888888888888 0.07291666666666667 0.09074074074074075
0 0.3927083333333333 0.13194444444444445 0.065625 0.07314814814814814