0 0.40677083333333336 0.5592592592592592 0.24270833333333333 0.587037037037037
0 0.7744791666666667 0.29814814814814816 0.13645833333333332 0.13703703703703704
0 0.2171875 0.32546296296296295 0.2833333333333333 0.225
0 0.3138020833333333 0.9657407407407408 0.05677083333333333 0.06666666666666667
0 0.13385416666666666 0.4615740740740741 0.26666666666666666 0.31574074074074077
0 0.10104166666666667 0.6240740740740741 0.20208333333333334 0.31851851851851853
0 0.90703125 0.3560185185185185 0.18489583333333334 0.18981481481481483
0 0.55234375 0.15925925925925927 0.10052083333333334 0.10555555555555556
0 0.33671875 0.11712962962962963 0.10989583333333333 0.11203703703703703
0 0.8833333333333333 0.5166666666666667 0.23229166666666667 0.2796296296296296
0 0.13125 0.13935185185185187 0.0125 0.05648148148148148
0 0.7645833333333333 0.14444444444444443 0.10104166666666667 0.07777777777777778
0 0.6028645833333334 0.07685185185185185 0.059895833333333336 0.05
0 0.7067708333333333 0.15555555555555556 0.10729166666666666 0.08888888888888889
0 0.31588541666666664 0.22962962962962963 0.0921875 0.07222222222222222
0 0.23307291666666666 0.13333333333333333 0.03697916666666667 0.06666666666666667
0 0.29375 0.2162037037037037 0.13645833333333332 0.10092592592592593