0 0.40703125 0.5583333333333333 0.2421875 0.5888888888888889
0 0.4453125 0.16435185185185186 0.11354166666666667 0.1287037037037037
0 0.7747395833333334 0.29814814814814816 0.13697916666666668 0.13703703703703704
0 0.5234375 0.11666666666666667 0.11770833333333333 0.08703703703703704
0 0.2171875 0.32685185185185184 0.2833333333333333 0.22777777777777777
0 0.10104166666666667 0.6305555555555555 0.20208333333333334 0.3314814814814815
0 0.17395833333333333 0.1388888888888889 0.06979166666666667 0.06851851851851852
0 0.13385416666666666 0.4638888888888889 0.26666666666666666 0.32407407407407407
0 0.9088541666666666 0.35509259259259257 0.18229166666666666 0.18796296296296297
0 0.33541666666666664 0.1050925925925926 0.10416666666666667 0.09537037037037037
0 0.3260416666666667 0.9648148148148148 0.08020833333333334 0.06851851851851852
0 0.8921875 0.5175925925925926 0.21458333333333332 0.2796296296296296
0 0.6111979166666667 0.08101851851851852 0.043229166666666666 0.05092592592592592
0 0.23619791666666667 0.1476851851851852 0.1078125 0.08055555555555556
0 0.7369791666666666 0.2050925925925926 0.07395833333333333 0.08981481481481482
0 0.7890625 0.15416666666666667 0.05625 0.06574074074074074
0 0.7385416666666667 0.13703703703703704 0.04791666666666667 0.06111111111111111
0 0.29244791666666664 0.21666666666666667 0.13072916666666667 0.10185185185185185
0 0.5044270833333333 0.05648148148148148 0.050520833333333334 0.027777777777777776
0 0.45026041666666666 0.05138888888888889 0.0421875 0.028703703703703703