0 0.40677083333333336 0.5592592592592592 0.24270833333333333 0.5925925925925926
0 0.7744791666666667 0.29768518518518516 0.13645833333333332 0.1361111111111111
0 0.21588541666666666 0.32592592592592595 0.2859375 0.22777777777777777
0 0.13385416666666666 0.4648148148148148 0.26666666666666666 0.31851851851851853
0 0.3140625 0.9657407407407408 0.05625 0.06666666666666667
0 0.41171875 0.15416666666666667 0.11822916666666666 0.11944444444444445
0 0.10104166666666667 0.6273148148148148 0.20208333333333334 0.325
0 0.73515625 0.2074074074074074 0.07760416666666667 0.08888888888888889
0 0.90703125 0.3574074074074074 0.18489583333333334 0.1925925925925926
0 0.6005208333333333 0.07916666666666666 0.022916666666666665 0.04351851851851852
0 0.45364583333333336 0.046296296296296294 0.052083333333333336 0.03518518518518519
0 0.1359375 0.14907407407407408 0.022916666666666665 0.07592592592592592
0 0.6895833333333333 0.16944444444444445 0.071875 0.05555555555555555
0 0.8924479166666667 0.5175925925925926 0.2140625 0.2796296296296296
0 0.5484375 0.050462962962962966 0.04479166666666667 0.041666666666666664
0 0.31145833333333334 0.23287037037037037 0.08229166666666667 0.06944444444444445
0 0.6106770833333334 0.08148148148148149 0.043229166666666666 0.05
0 0.20442708333333334 0.13287037037037036 0.09427083333333333 0.10648148148148148
0 0.28177083333333336 0.21666666666666667 0.15729166666666666 0.1