0 0.40703125 0.5583333333333333 0.2421875 0.5907407407407408
0 0.4505208333333333 0.16527777777777777 0.13125 0.12685185185185185
0 0.7747395833333334 0.29814814814814816 0.13697916666666668 0.13703703703703704
0 0.21796875 0.325 0.2828125 0.22407407407407406
0 0.15807291666666667 0.13518518518518519 0.06614583333333333 0.07962962962962963
0 0.13411458333333334 0.4652777777777778 0.26614583333333336 0.325
0 0.10104166666666667 0.624537037037037 0.20208333333333334 0.3212962962962963
0 0.36041666666666666 0.11435185185185186 0.10104166666666667 0.06388888888888888
0 0.9091145833333333 0.35694444444444445 0.18177083333333333 0.19166666666666668
0 0.8932291666666666 0.5175925925925926 0.2125 0.2796296296296296
0 0.5546875 0.14305555555555555 0.08958333333333333 0.08425925925925926
0 0.7911458333333333 0.1712962962962963 0.0875 0.05185185185185185
0 0.31614583333333335 0.22916666666666666 0.09166666666666666 0.07314814814814814
0 0.7609375 0.13518518518518519 0.09375 0.05925925925925926
0 0.2828125 0.2175925925925926 0.15833333333333333 0.09814814814814815
0 0.5817708333333333 0.09722222222222222 0.125 0.05740740740740741