0 0.40703125 0.5592592592592592 0.2421875 0.587037037037037
0 0.45234375 0.16574074074074074 0.13385416666666666 0.1259259259259259
0 0.7747395833333334 0.29814814814814816 0.13697916666666668 0.13703703703703704
0 0.21796875 0.32546296296296295 0.2828125 0.22314814814814815
0 0.18098958333333334 0.1310185185185185 0.09322916666666667 0.08796296296296297
0 0.13385416666666666 0.4652777777777778 0.26666666666666666 0.325
0 0.10104166666666667 0.625 0.20208333333333334 0.32222222222222224
0 0.6442708333333333 0.12916666666666668 0.11354166666666667 0.09907407407407408
0 0.9088541666666666 0.35694444444444445 0.18229166666666666 0.19166666666666668
0 0.41484375 0.12638888888888888 0.1078125 0.08981481481481482
0 0.8927083333333333 0.5171296296296296 0.21354166666666666 0.27870370370370373
0 0.7361979166666667 0.20555555555555555 0.0765625 0.09074074074074075
0 0.24739583333333334 0.12777777777777777 0.007291666666666667 0.027777777777777776
0 0.17057291666666666 0.8865740740740741 0.34010416666666665 0.225
0 0.7651041666666667 0.1476851851851852 0.10416666666666667 0.0824074074074074