0 0.5471354166666667 0.27314814814814814 0.18802083333333333 0.24259259259259258
0 0.7744791666666667 0.29814814814814816 0.13645833333333332 0.13703703703703704
0 0.40677083333333336 0.5643518518518519 0.24270833333333333 0.5898148148148148
0 0.13411458333333334 0.4638888888888889 0.26614583333333336 0.31666666666666665
0 0.4666666666666667 0.14629629629629629 0.1125 0.1037037037037037
0 0.21588541666666666 0.32592592592592595 0.2859375 0.22407407407407406
0 0.10104166666666667 0.6282407407407408 0.20208333333333334 0.32685185185185184
0 0.3138020833333333 0.9657407407407408 0.05572916666666667 0.06666666666666667
0 0.9091145833333333 0.3574074074074074 0.18177083333333333 0.1925925925925926
0 0.6106770833333334 0.08194444444444444 0.044270833333333336 0.05092592592592592
0 0.8932291666666666 0.5189814814814815 0.2125 0.28055555555555556
0 0.7989583333333333 0.1537037037037037 0.041666666666666664 0.05925925925925926
0 0.9786458333333333 0.35694444444444445 0.041666666666666664 0.09537037037037037
0 0.31614583333333335 0.1398148148148148 0.06145833333333333 0.07037037037037037
0 0.20703125 0.13842592592592592 0.04635416666666667 0.09351851851851851
0 0.69453125 0.18425925925925926 0.07447916666666667 0.09259259259259259
0 0.7388020833333333 0.1375 0.04739583333333333 0.06018518518518518
0 0.7263020833333333 0.22546296296296298 0.0953125 0.1287037037037037
0 0.5020833333333333 0.055092592592592596 0.046875 0.030555555555555555
0 0.29375 0.2175925925925926 0.13541666666666666 0.09814814814814815