0 0.4713541666666667 0.2064814814814815 0.11666666666666667 0.17592592592592593
0 0.40703125 0.5657407407407408 0.2421875 0.5740740740740741
0 0.3416666666666667 0.10925925925925926 0.11458333333333333 0.08703703703703704
0 0.7747395833333334 0.29768518518518516 0.13697916666666668 0.13796296296296295
0 0.21822916666666667 0.32546296296296295 0.2833333333333333 0.2212962962962963
0 0.134375 0.4625 0.265625 0.3212962962962963
0 0.10104166666666667 0.6282407407407408 0.20208333333333334 0.32685185185185184
0 0.9151041666666667 0.35509259259259257 0.16875 0.18796296296296297
0 0.6111979166666667 0.08194444444444444 0.043229166666666666 0.05092592592592592
0 0.89296875 0.5171296296296296 0.21302083333333333 0.28055555555555556
0 0.3098958333333333 0.9652777777777778 0.04791666666666667 0.06759259259259259
0 0.16536458333333334 0.9532407407407407 0.16927083333333334 0.09166666666666666
0 0.16119791666666666 0.13055555555555556 0.0734375 0.08888888888888889
0 0.7369791666666666 0.2050925925925926 0.07395833333333333 0.08981481481481482
0 0.3151041666666667 0.2324074074074074 0.090625 0.07037037037037037
0 0.25494791666666666 0.21805555555555556 0.21510416666666668 0.10092592592592593