0 0.40677083333333336 0.5587962962962963 0.24270833333333333 0.5879629629629629
0 0.7744791666666667 0.29814814814814816 0.13645833333333332 0.13703703703703704
0 0.4388020833333333 0.14907407407407408 0.1515625 0.1111111111111111
0 0.13385416666666666 0.4634259259259259 0.26666666666666666 0.3212962962962963
0 0.21822916666666667 0.32685185185185184 0.28229166666666666 0.22777777777777777
0 0.10104166666666667 0.625462962962963 0.20208333333333334 0.3212962962962963
0 0.13489583333333333 0.13287037037037036 0.019791666666666666 0.04351851851851852
0 0.9072916666666667 0.35648148148148145 0.184375 0.19074074074074074
0 0.48489583333333336 0.1125 0.08958333333333333 0.0712962962962963
0 0.89296875 0.5171296296296296 0.21302083333333333 0.27870370370370373
0 0.33880208333333334 0.11527777777777778 0.1140625 0.11388888888888889
0 0.34270833333333334 0.9652777777777778 0.115625 0.06759259259259259
0 0.45677083333333335 0.044444444444444446 0.041666666666666664 0.02962962962962963
0 0.6026041666666667 0.08101851851851852 0.06041666666666667 0.05092592592592592
0 0.315625 0.2300925925925926 0.09166666666666666 0.0712962962962963
0 0.5455729166666666 0.050462962962962966 0.0390625 0.03796296296296296
0 0.74609375 0.20879629629629629 0.10052083333333334 0.09166666666666666