0 0.59609375 0.32175925925925924 0.21197916666666666 0.30092592592592593
0 0.40677083333333336 0.5625 0.24375 0.5805555555555556
0 0.7752604166666667 0.29814814814814816 0.1359375 0.13703703703703704
0 0.4640625 0.15648148148148147 0.10625 0.12777777777777777
0 0.21432291666666667 0.32685185185185184 0.28802083333333334 0.22407407407407406
0 0.3143229166666667 0.9652777777777778 0.0578125 0.06759259259259259
0 0.10104166666666667 0.6277777777777778 0.20208333333333334 0.32592592592592595
0 0.13411458333333334 0.4615740740740741 0.26614583333333336 0.31574074074074077
0 0.609375 0.08148148148148149 0.046875 0.05185185185185185
0 0.8932291666666666 0.5185185185185185 0.2125 0.2814814814814815
0 0.9096354166666667 0.3578703703703704 0.18072916666666666 0.1935185185185185
0 0.4205729166666667 0.0912037037037037 0.03697916666666667 0.05092592592592592
0 0.16458333333333333 0.9564814814814815 0.16770833333333332 0.08518518518518518
0 0.31614583333333335 0.22685185185185186 0.09166666666666666 0.07592592592592592