0 0.4109375 0.13240740740740742 0.1 0.07962962962962963
0 0.40703125 0.5666666666666667 0.24427083333333333 0.5796296296296296
0 0.7747395833333334 0.29768518518518516 0.13697916666666668 0.13796296296296295
0 0.21484375 0.3402777777777778 0.2838541666666667 0.19166666666666668
0 0.13411458333333334 0.4393518518518518 0.26614583333333336 0.27314814814814814
0 0.10104166666666667 0.6268518518518519 0.20208333333333334 0.32592592592592595
0 0.3140625 0.9652777777777778 0.057291666666666664 0.06759259259259259
0 0.23854166666666668 0.14583333333333334 0.103125 0.07685185185185185
0 0.14244791666666667 0.16620370370370371 0.034895833333333334 0.06018518518518518
0 0.6028645833333334 0.08009259259259259 0.059895833333333336 0.05277777777777778
0 0.16510416666666666 0.9555555555555556 0.16875 0.08703703703703704
0 0.9080729166666667 0.35833333333333334 0.1828125 0.1962962962962963
0 0.3690104166666667 0.15 0.0578125 0.06111111111111111
0 0.4432291666666667 0.050462962962962966 0.05625 0.032407407407407406
0 0.89375 0.5180555555555556 0.21145833333333333 0.2824074074074074
0 0.7 0.16435185185185186 0.090625 0.06388888888888888
0 0.6786458333333333 0.45231481481481484 0.2708333333333333 0.4398148148148148
0 0.7158854166666667 0.2300925925925926 0.1234375 0.13796296296296295
0 0.31588541666666664 0.2310185185185185 0.09114583333333333 0.06944444444444445
0 0.7013020833333333 0.5347222222222222 0.20989583333333334 0.27314814814814814
0 0.49921875 0.05416666666666667 0.0453125 0.030555555555555555
0 0.2828125 0.21666666666666667 0.15833333333333333 0.1