0 0.40677083333333336 0.5657407407407408 0.24270833333333333 0.575925925925926
0 0.77421875 0.29814814814814816 0.1359375 0.13703703703703704
0 0.47890625 0.2050925925925926 0.12135416666666667 0.175
0 0.21692708333333333 0.32407407407407407 0.2869791666666667 0.22777777777777777
0 0.13385416666666666 0.46296296296296297 0.26666666666666666 0.31666666666666665
0 0.10104166666666667 0.6259259259259259 0.20208333333333334 0.32222222222222224
0 0.3140625 0.9657407407407408 0.05625 0.06666666666666667
0 0.49947916666666664 0.15092592592592594 0.14166666666666666 0.1111111111111111
0 0.9153645833333334 0.3574074074074074 0.16822916666666668 0.19074074074074074
0 0.8854166666666666 0.5175925925925926 0.228125 0.2796296296296296
0 0.13307291666666668 0.16712962962962963 0.0171875 0.04351851851851852
0 0.3653645833333333 0.09768518518518518 0.03177083333333333 0.032407407407407406
0 0.6106770833333334 0.07962962962962963 0.044270833333333336 0.04814814814814815
0 0.31614583333333335 0.2300925925925926 0.09166666666666666 0.06944444444444445
0 0.9786458333333333 0.35694444444444445 0.041666666666666664 0.09537037037037037
0 0.7372395833333333 0.20416666666666666 0.07552083333333333 0.08796296296296297
0 0.68515625 0.13796296296296295 0.06197916666666667 0.07222222222222222
0 0.7966145833333333 0.1550925925925926 0.04114583333333333 0.06388888888888888
0 0.76640625 0.1476851851851852 0.10260416666666666 0.08055555555555556
0 0.7385416666666667 0.1361111111111111 0.046875 0.05555555555555555
0 0.29296875 0.21574074074074073 0.13802083333333334 0.1