0 0.40729166666666666 0.5703703703703704 0.24375 0.575925925925926
0 0.3143229166666667 0.9657407407407408 0.05677083333333333 0.06666666666666667
0 0.775 0.29768518518518516 0.1375 0.13796296296296295
0 0.13411458333333334 0.46296296296296297 0.26614583333333336 0.32037037037037036
0 0.10104166666666667 0.6268518518518519 0.20208333333333334 0.32592592592592595
0 0.37890625 0.13240740740740742 0.11197916666666667 0.07777777777777778
0 0.21614583333333334 0.33101851851851855 0.284375 0.2175925925925926
0 0.89375 0.5180555555555556 0.21145833333333333 0.28055555555555556
0 0.9083333333333333 0.3578703703703704 0.18229166666666666 0.19537037037037036
0 0.16458333333333333 0.9564814814814815 0.16875 0.08518518518518518
0 0.13177083333333334 0.13148148148148148 0.013541666666666667 0.04259259259259259
0 0.54296875 0.13564814814814816 0.04635416666666667 0.08981481481481482
0 0.6372395833333333 0.39675925925925926 0.1859375 0.32685185185185184
0 0.6986979166666667 0.16620370370370371 0.09010416666666667 0.06759259259259259
0 0.42161458333333335 0.2671296296296296 0.09010416666666667 0.0824074074074074
0 0.43828125 0.05740740740740741 0.059895833333333336 0.024074074074074074
0 0.6020833333333333 0.08009259259259259 0.059375 0.05277777777777778
0 0.7393229166666667 0.1375 0.0484375 0.06018518518518518
0 0.7143229166666667 0.22870370370370371 0.1203125 0.13518518518518519
0 0.7888020833333333 0.15555555555555556 0.058854166666666666 0.06481481481481481
0 0.31640625 0.22824074074074074 0.09114583333333333 0.075
0 0.3494791666666667 0.1125 0.0625 0.058333333333333334
0 0.7104166666666667 0.5319444444444444 0.23645833333333333 0.26944444444444443