0 0.6434895833333333 0.40694444444444444 0.22447916666666667 0.39166666666666666
0 0.4713541666666667 0.17083333333333334 0.09270833333333334 0.13055555555555556
0 0.4080729166666667 0.5666666666666667 0.24114583333333334 0.5777777777777777
0 0.7747395833333334 0.2986111111111111 0.13697916666666668 0.13796296296296295
0 0.21432291666666667 0.32685185185185184 0.28802083333333334 0.22777777777777777
0 0.13411458333333334 0.45046296296296295 0.26614583333333336 0.2953703703703704
0 0.10104166666666667 0.6185185185185185 0.20208333333333334 0.30925925925925923
0 0.9158854166666667 0.3587962962962963 0.1671875 0.19537037037037036
0 0.3151041666666667 0.9662037037037037 0.05520833333333333 0.06574074074074074
0 0.8934895833333333 0.5106481481481482 0.21197916666666666 0.2657407407407407
0 0.5161458333333333 0.15324074074074073 0.03125 0.04351851851851852
0 0.7161458333333334 0.22870370370370371 0.12395833333333334 0.13518518518518519
0 0.2794270833333333 0.21805555555555556 0.1515625 0.09907407407407408