0 0.40729166666666666 0.5685185185185185 0.24375 0.5796296296296296
0 0.21380208333333334 0.34444444444444444 0.2859375 0.19074074074074074
0 0.13411458333333334 0.4398148148148148 0.26614583333333336 0.2722222222222222
0 0.10130208333333333 0.6268518518518519 0.20260416666666667 0.32407407407407407
0 0.67109375 0.45046296296296295 0.2546875 0.43796296296296294
0 0.3140625 0.9652777777777778 0.057291666666666664 0.06759259259259259
0 0.9145833333333333 0.35833333333333334 0.16979166666666667 0.19814814814814816
0 0.89375 0.5189814814814815 0.21145833333333333 0.2824074074074074
0 0.13177083333333334 0.13287037037037036 0.013541666666666667 0.04351851851851852
0 0.775 0.29814814814814816 0.1375 0.13703703703703704
0 0.56875 0.1439814814814815 0.057291666666666664 0.075
0 0.68671875 0.1638888888888889 0.0671875 0.06296296296296296
0 0.16432291666666668 0.9564814814814815 0.16927083333333334 0.08518518518518518
0 0.3653645833333333 0.09814814814814815 0.03177083333333333 0.03333333333333333
0 0.6028645833333334 0.07916666666666666 0.0609375 0.05092592592592592
0 0.7151041666666667 0.2263888888888889 0.121875 0.13425925925925927