0 0.40677083333333336 0.5592592592592592 0.24270833333333333 0.5888888888888889
0 0.7744791666666667 0.29814814814814816 0.13645833333333332 0.13703703703703704
0 0.16041666666666668 0.15601851851851853 0.071875 0.075
0 0.3138020833333333 0.9657407407407408 0.05677083333333333 0.06666666666666667
0 0.13411458333333334 0.4634259259259259 0.26614583333333336 0.3194444444444444
0 0.21796875 0.32546296296296295 0.2828125 0.22314814814814815
0 0.10104166666666667 0.6231481481481481 0.20208333333333334 0.31666666666666665
0 0.5934895833333333 0.13518518518518519 0.06197916666666667 0.06666666666666667
0 0.9075520833333334 0.35555555555555557 0.18385416666666668 0.18888888888888888
0 0.6109375 0.08055555555555556 0.04375 0.05
0 0.73515625 0.20787037037037037 0.0765625 0.09166666666666666
0 0.5057291666666667 0.15833333333333333 0.053125 0.06481481481481481
0 0.8924479166666667 0.5180555555555556 0.2140625 0.28055555555555556
0 0.7888020833333333 0.1550925925925926 0.05572916666666667 0.06574074074074074
0 0.7380208333333333 0.13796296296296295 0.04895833333333333 0.06111111111111111
0 0.6888020833333334 0.1712962962962963 0.07135416666666666 0.05740740740740741
0 0.3109375 0.2324074074074074 0.08229166666666667 0.07037037037037037
0 0.2947916666666667 0.2175925925925926 0.13333333333333333 0.09814814814814815