0 0.40677083333333336 0.5662037037037037 0.24270833333333333 0.5768518518518518
0 0.7744791666666667 0.29814814814814816 0.13645833333333332 0.13703703703703704
0 0.48151041666666666 0.20925925925925926 0.1234375 0.17592592592592593
0 0.21640625 0.32546296296296295 0.28489583333333335 0.225
0 0.13411458333333334 0.4615740740740741 0.26614583333333336 0.31203703703703706
0 0.10104166666666667 0.6263888888888889 0.20208333333333334 0.32314814814814813
0 0.9145833333333333 0.3578703703703704 0.16979166666666667 0.1935185185185185
0 0.3143229166666667 0.9657407407407408 0.05677083333333333 0.06666666666666667
0 0.8927083333333333 0.5171296296296296 0.21354166666666666 0.27870370370370373
0 0.3651041666666667 0.09768518518518518 0.03229166666666667 0.032407407407407406
0 0.6078125 0.0787037037037037 0.05 0.046296296296296294
0 0.13463541666666667 0.13194444444444445 0.018229166666666668 0.041666666666666664
0 0.7369791666666666 0.20462962962962963 0.075 0.08703703703703704
0 0.7966145833333333 0.15555555555555556 0.04010416666666667 0.06296296296296296
0 0.31666666666666665 0.1439814814814815 0.057291666666666664 0.058333333333333334
0 0.7661458333333333 0.14675925925925926 0.10104166666666667 0.08055555555555556
0 0.6854166666666667 0.14166666666666666 0.0625 0.07962962962962963
0 0.4705729166666667 0.14583333333333334 0.14635416666666667 0.10462962962962963
0 0.28229166666666666 0.2162037037037037 0.15833333333333333 0.10092592592592593