0 0.4005208333333333 0.13240740740740742 0.12083333333333333 0.07962962962962963
0 0.40677083333333336 0.5671296296296297 0.24270833333333333 0.5824074074074074
0 0.3138020833333333 0.9652777777777778 0.05677083333333333 0.06759259259259259
0 0.13411458333333334 0.44027777777777777 0.26614583333333336 0.275
0 0.21536458333333333 0.33796296296296297 0.28177083333333336 0.20185185185185187
0 0.10104166666666667 0.625462962962963 0.20208333333333334 0.32314814814814813
0 0.23828125 0.14583333333333334 0.10260416666666666 0.07685185185185185
0 0.9072916666666667 0.3578703703703704 0.184375 0.19537037037037036
0 0.8940104166666667 0.5189814814814815 0.2109375 0.2824074074074074
0 0.6645833333333333 0.449537037037037 0.22916666666666666 0.43425925925925923
0 0.4479166666666667 0.050462962962962966 0.046875 0.030555555555555555
0 0.6989583333333333 0.16527777777777777 0.090625 0.06574074074074074
0 0.775 0.29768518518518516 0.1375 0.13796296296296295
0 0.16458333333333333 0.9564814814814815 0.16875 0.08518518518518518
0 0.7890625 0.15555555555555556 0.06145833333333333 0.06666666666666667
0 0.7158854166666667 0.22962962962962963 0.1234375 0.13703703703703704
0 0.73984375 0.13796296296296295 0.049479166666666664 0.05925925925925926
0 0.2828125 0.21712962962962962 0.15833333333333333 0.09907407407407408
0 0.6028645833333334 0.07685185185185185 0.0609375 0.044444444444444446