0 0.40729166666666666 0.5671296296296297 0.24270833333333333 0.5842592592592593
0 0.7747395833333334 0.29814814814814816 0.13697916666666668 0.13703703703703704
0 0.134375 0.4393518518518518 0.265625 0.2712962962962963
0 0.3140625 0.9657407407407408 0.05625 0.06666666666666667
0 0.10104166666666667 0.6268518518518519 0.20208333333333334 0.32407407407407407
0 0.21380208333333334 0.32685185185185184 0.2859375 0.22407407407407406
0 0.8934895833333333 0.5194444444444445 0.21197916666666666 0.2833333333333333
0 0.6096354166666667 0.08101851851851852 0.04739583333333333 0.05092592592592592
0 0.9091145833333333 0.3578703703703704 0.18177083333333333 0.19537037037037036
0 0.1328125 0.13240740740740742 0.015625 0.04259259259259259
0 0.36484375 0.09675925925925925 0.0328125 0.03425925925925926
0 0.7140625 0.22453703703703703 0.11979166666666667 0.13240740740740742
0 0.5799479166666667 0.0699074074074074 0.015104166666666667 0.028703703703703703
0 0.6611979166666667 0.44907407407407407 0.23489583333333333 0.43333333333333335
0 0.7901041666666667 0.15648148148148147 0.057291666666666664 0.06666666666666667
0 0.16458333333333333 0.9564814814814815 0.16875 0.08518518518518518
0 0.7380208333333333 0.13796296296296295 0.04895833333333333 0.05925925925925926