0 0.4005208333333333 0.13240740740740742 0.12083333333333333 0.07962962962962963
0 0.7744791666666667 0.29814814814814816 0.13645833333333332 0.13703703703703704
0 0.21953125 0.14583333333333334 0.06510416666666667 0.07685185185185185
0 0.40729166666666666 0.5671296296296297 0.24270833333333333 0.5805555555555556
0 0.6505208333333333 0.45046296296296295 0.25104166666666666 0.4361111111111111
0 0.13463541666666667 0.44305555555555554 0.26510416666666664 0.275
0 0.3143229166666667 0.9652777777777778 0.0578125 0.06759259259259259
0 0.2140625 0.3351851851851852 0.2833333333333333 0.20555555555555555
0 0.10104166666666667 0.6259259259259259 0.20208333333333334 0.32407407407407407
0 0.14244791666666667 0.16620370370370371 0.034895833333333334 0.06018518518518518
0 0.6028645833333334 0.08101851851851852 0.0609375 0.05092592592592592
0 0.4466145833333333 0.05138888888888889 0.049479166666666664 0.030555555555555555
0 0.9151041666666667 0.3578703703703704 0.16875 0.19537037037037036
0 0.13125 0.125 0.013541666666666667 0.02962962962962963
0 0.7890625 0.15555555555555556 0.057291666666666664 0.06481481481481481
0 0.5791666666666667 0.07083333333333333 0.013541666666666667 0.025
0 0.7356770833333334 0.1375 0.050520833333333334 0.058333333333333334
0 0.7015625 0.16527777777777777 0.08645833333333333 0.06388888888888888
0 0.8934895833333333 0.5194444444444445 0.21197916666666666 0.2833333333333333
0 0.31588541666666664 0.2310185185185185 0.0921875 0.06944444444444445
0 0.7140625 0.2300925925925926 0.11979166666666667 0.1361111111111111
0 0.16484375 0.9560185185185185 0.16822916666666668 0.08611111111111111
0 0.2828125 0.21666666666666667 0.15833333333333333 0.1