0 0.6591145833333333 0.44907407407407407 0.23072916666666668 0.43333333333333335
0 0.40729166666666666 0.562962962962963 0.24270833333333333 0.5814814814814815
0 0.7747395833333334 0.29814814814814816 0.13697916666666668 0.1388888888888889
0 0.21692708333333333 0.32685185185185184 0.2838541666666667 0.22592592592592592
0 0.10104166666666667 0.6287037037037037 0.20208333333333334 0.3296296296296296
0 0.134375 0.4388888888888889 0.265625 0.2722222222222222
0 0.13411458333333334 0.13240740740740742 0.018229166666666668 0.044444444444444446
0 0.6106770833333334 0.08101851851851852 0.0453125 0.05277777777777778
0 0.9138020833333333 0.35833333333333334 0.17135416666666667 0.19444444444444445
0 0.30833333333333335 0.9652777777777778 0.04479166666666667 0.06759259259259259
0 0.3653645833333333 0.0962962962962963 0.0328125 0.03518518518518519
0 0.8934895833333333 0.5194444444444445 0.21197916666666666 0.2833333333333333
0 0.5799479166666667 0.0699074074074074 0.016145833333333335 0.032407407407407406
0 0.16458333333333333 0.9560185185185185 0.16875 0.08611111111111111
0 0.7390625 0.1375 0.04583333333333333 0.06018518518518518
0 0.7143229166666667 0.2273148148148148 0.1203125 0.13796296296296295
0 0.7895833333333333 0.1550925925925926 0.057291666666666664 0.06574074074074074