0 0.40677083333333336 0.5634259259259259 0.24270833333333333 0.5768518518518518
0 0.46145833333333336 0.19166666666666668 0.109375 0.15555555555555556
0 0.7747395833333334 0.29814814814814816 0.13697916666666668 0.13703703703703704
0 0.21770833333333334 0.32222222222222224 0.2833333333333333 0.22037037037037038
0 0.13385416666666666 0.4583333333333333 0.26666666666666666 0.3074074074074074
0 0.10104166666666667 0.6189814814814815 0.20208333333333334 0.30833333333333335
0 0.3140625 0.9652777777777778 0.057291666666666664 0.06759259259259259
0 0.9072916666666667 0.3578703703703704 0.184375 0.19537037037037036
0 0.8924479166666667 0.5171296296296296 0.2140625 0.27870370370370373
0 0.6109375 0.08055555555555556 0.042708333333333334 0.05185185185185185
0 0.15729166666666666 0.15787037037037038 0.06458333333333334 0.0712962962962963
0 0.73671875 0.20555555555555555 0.0765625 0.08703703703703704
0 0.38619791666666664 0.1638888888888889 0.044270833333333336 0.06111111111111111
0 0.78984375 0.1550925925925926 0.05572916666666667 0.06574074074074074
0 0.3653645833333333 0.09814814814814815 0.03177083333333333 0.03333333333333333
0 0.31588541666666664 0.23055555555555557 0.0921875 0.07222222222222222
0 0.14583333333333334 0.04722222222222222 0.04583333333333333 0.044444444444444446
0 0.54609375 0.16574074074074074 0.06510416666666667 0.05185185185185185