0 0.40703125 0.5662037037037037 0.24322916666666666 0.5768518518518518
0 0.7747395833333334 0.29814814814814816 0.13697916666666668 0.13703703703703704
0 0.48203125 0.2125 0.1234375 0.18055555555555555
0 0.21666666666666667 0.32685185185185184 0.284375 0.22592592592592592
0 0.13385416666666666 0.4634259259259259 0.26666666666666666 0.31574074074074077
0 0.3140625 0.9657407407407408 0.05625 0.06666666666666667
0 0.10104166666666667 0.6268518518518519 0.20208333333333334 0.32407407407407407
0 0.9091145833333333 0.3578703703703704 0.18177083333333333 0.1935185185185185
0 0.89296875 0.5166666666666667 0.21302083333333333 0.2777777777777778
0 0.36484375 0.09814814814814815 0.03177083333333333 0.03333333333333333
0 0.6104166666666667 0.08009259259259259 0.04479166666666667 0.049074074074074076
0 0.13541666666666666 0.13148148148148148 0.019791666666666666 0.04259259259259259
0 0.23151041666666666 0.12638888888888888 0.04010416666666667 0.06388888888888888
0 0.6856770833333333 0.14027777777777778 0.06302083333333333 0.07685185185185185
0 0.47161458333333334 0.1449074074074074 0.14427083333333332 0.10462962962962963
0 0.31640625 0.22962962962962963 0.09114583333333333 0.07222222222222222
0 0.7658854166666667 0.14722222222222223 0.09947916666666666 0.07962962962962963
0 0.28229166666666666 0.21712962962962962 0.159375 0.09907407407407408