0 0.40703125 0.5662037037037037 0.24322916666666666 0.5787037037037037
0 0.6591145833333333 0.44027777777777777 0.23072916666666668 0.41759259259259257
0 0.13411458333333334 0.4375 0.2671875 0.2712962962962963
0 0.7747395833333334 0.2986111111111111 0.13697916666666668 0.13796296296296295
0 0.21484375 0.3300925925925926 0.28489583333333335 0.2175925925925926
0 0.10104166666666667 0.6282407407407408 0.20208333333333334 0.32685185185185184
0 0.6098958333333333 0.08101851851851852 0.046875 0.05092592592592592
0 0.3143229166666667 0.9652777777777778 0.0578125 0.06759259259259259
0 0.9153645833333334 0.35833333333333334 0.16822916666666668 0.1962962962962963
0 0.23541666666666666 0.13425925925925927 0.12916666666666668 0.11851851851851852
0 0.13203125 0.13287037037037036 0.0140625 0.04351851851851852
0 0.8932291666666666 0.5180555555555556 0.2125 0.28055555555555556
0 0.16484375 0.9560185185185185 0.16927083333333334 0.08611111111111111
0 0.153125 0.09907407407407408 0.022916666666666665 0.016666666666666666
0 0.7393229166666667 0.13842592592592592 0.0453125 0.06018518518518518
0 0.3653645833333333 0.09722222222222222 0.0328125 0.03333333333333333
0 0.2828125 0.21712962962962962 0.15833333333333333 0.09907407407407408
0 0.7153645833333333 0.22777777777777777 0.12135416666666667 0.13703703703703704