0 0.40677083333333336 0.5583333333333333 0.24270833333333333 0.5907407407407408
0 0.7744791666666667 0.29814814814814816 0.13645833333333332 0.13703703703703704
0 0.21588541666666666 0.32592592592592595 0.2859375 0.22407407407407406
0 0.3140625 0.9657407407407408 0.05625 0.06666666666666667
0 0.13385416666666666 0.4615740740740741 0.26666666666666666 0.31574074074074077
0 0.10104166666666667 0.6236111111111111 0.20208333333333334 0.3175925925925926
0 0.90703125 0.3560185185185185 0.18489583333333334 0.18981481481481483
0 0.53828125 0.15925925925925927 0.0984375 0.10555555555555556
0 0.8903645833333333 0.5166666666666667 0.21822916666666667 0.2796296296296296
0 0.6104166666666667 0.07592592592592592 0.04375 0.044444444444444446
0 0.365625 0.09768518518518518 0.03125 0.032407407407407406
0 0.7369791666666666 0.20601851851851852 0.07395833333333333 0.08796296296296297