0 0.5471354166666667 0.2740740740740741 0.18802083333333333 0.24444444444444444
0 0.7744791666666667 0.29814814814814816 0.13645833333333332 0.13703703703703704
0 0.46536458333333336 0.1439814814814815 0.12760416666666666 0.10462962962962963
0 0.40677083333333336 0.562037037037037 0.24270833333333333 0.5851851851851851
0 0.13385416666666666 0.4638888888888889 0.265625 0.31666666666666665
0 0.21822916666666667 0.3263888888888889 0.28125 0.22314814814814815
0 0.10104166666666667 0.6282407407407408 0.20208333333333334 0.32685185185185184
0 0.3140625 0.9657407407407408 0.05625 0.06666666666666667
0 0.91484375 0.3574074074074074 0.16927083333333334 0.1925925925925926
0 0.6109375 0.08194444444444444 0.04479166666666667 0.05092592592592592
0 0.7361979166666667 0.20694444444444443 0.07760416666666667 0.08981481481481482
0 0.13411458333333334 0.13240740740740742 0.0171875 0.04259259259259259
0 0.8921875 0.5185185185185185 0.21458333333333332 0.2814814814814815
0 0.4197916666666667 0.08472222222222223 0.035416666666666666 0.03611111111111111
0 0.5822916666666667 0.10138888888888889 0.03958333333333333 0.04351851851851852
0 0.9786458333333333 0.35648148148148145 0.041666666666666664 0.09444444444444444
0 0.7385416666666667 0.1375 0.046875 0.058333333333333334
0 0.7994791666666666 0.15416666666666667 0.041666666666666664 0.06018518518518518
0 0.6942708333333333 0.18472222222222223 0.07395833333333333 0.09351851851851851
0 0.503125 0.055092592592592596 0.04375 0.028703703703703703
0 0.29322916666666665 0.2175925925925926 0.13541666666666666 0.09814814814814815