0 0.40130208333333334 0.13240740740740742 0.11927083333333334 0.07962962962962963
0 0.40703125 0.5671296296296297 0.24322916666666666 0.5805555555555556
0 0.13463541666666667 0.4425925925925926 0.26510416666666664 0.2740740740740741
0 0.10130208333333333 0.625462962962963 0.20260416666666667 0.3212962962962963
0 0.3140625 0.9652777777777778 0.057291666666666664 0.06759259259259259
0 0.6627604166666666 0.45185185185185184 0.2765625 0.4388888888888889
0 0.21119791666666668 0.3439814814814815 0.2890625 0.18981481481481483
0 0.14244791666666667 0.16620370370370371 0.034895833333333334 0.06018518518518518
0 0.909375 0.35833333333333334 0.18125 0.19444444444444445
0 0.603125 0.08055555555555556 0.06145833333333333 0.05185185185185185
0 0.23802083333333332 0.14629629629629629 0.10208333333333333 0.07592592592592592
0 0.7747395833333334 0.29814814814814816 0.13697916666666668 0.13703703703703704
0 0.6989583333333333 0.16666666666666666 0.090625 0.06666666666666667
0 0.13098958333333333 0.12407407407407407 0.013020833333333334 0.027777777777777776
0 0.89375 0.5180555555555556 0.21145833333333333 0.2824074074074074
0 0.7888020833333333 0.15555555555555556 0.059895833333333336 0.06481481481481481
0 0.7380208333333333 0.13796296296296295 0.051041666666666666 0.05925925925925926
0 0.16458333333333333 0.9564814814814815 0.16875 0.08518518518518518
0 0.7140625 0.22962962962962963 0.12083333333333333 0.13703703703703704
0 0.43828125 0.05185185185185185 0.06614583333333333 0.03148148148148148