0 0.40703125 0.5606481481481481 0.24322916666666666 0.5898148148148148
0 0.7747395833333334 0.29814814814814816 0.13697916666666668 0.13703703703703704
0 0.153125 0.1574074074074074 0.057291666666666664 0.07777777777777778
0 0.3138020833333333 0.9657407407407408 0.05677083333333333 0.06666666666666667
0 0.56953125 0.14027777777777778 0.0609375 0.075
0 0.21614583333333334 0.32685185185185184 0.2864583333333333 0.22777777777777777
0 0.10104166666666667 0.6203703703703703 0.20208333333333334 0.31296296296296294
0 0.9091145833333333 0.35694444444444445 0.18177083333333333 0.19166666666666668
0 0.6109375 0.08148148148148149 0.042708333333333334 0.053703703703703705
0 0.8927083333333333 0.5171296296296296 0.21354166666666666 0.27870370370370373
0 0.7346354166666667 0.20694444444444443 0.07864583333333333 0.09166666666666666
0 0.13463541666666667 0.462037037037037 0.26510416666666664 0.31666666666666665
0 0.7893229166666667 0.1550925925925926 0.0578125 0.06574074074074074
0 0.6880208333333333 0.1699074074074074 0.06979166666666667 0.05462962962962963
0 0.2989583333333333 0.15925925925925927 0.029166666666666667 0.05740740740740741
0 0.7393229166666667 0.13796296296296295 0.04635416666666667 0.06111111111111111