0 0.6536458333333334 0.42824074074074076 0.23125 0.4101851851851852
0 0.40703125 0.5634259259259259 0.24322916666666666 0.5842592592592593
0 0.13385416666666666 0.4388888888888889 0.26666666666666666 0.2722222222222222
0 0.10104166666666667 0.6296296296296297 0.20208333333333334 0.3296296296296296
0 0.3140625 0.9657407407407408 0.057291666666666664 0.06666666666666667
0 0.2140625 0.3277777777777778 0.28854166666666664 0.22407407407407406
0 0.775 0.29814814814814816 0.1375 0.13703703703703704
0 0.9138020833333333 0.3574074074074074 0.17135416666666667 0.19444444444444445
0 0.3653645833333333 0.09675925925925925 0.0328125 0.03425925925925926
0 0.78828125 0.15555555555555556 0.059895833333333336 0.06666666666666667
0 0.6026041666666667 0.08055555555555556 0.06145833333333333 0.053703703703703705
0 0.16458333333333333 0.9564814814814815 0.16875 0.08518518518518518
0 0.57890625 0.07175925925925926 0.0140625 0.028703703703703703
0 0.31536458333333334 0.23194444444444445 0.09010416666666667 0.06944444444444445
0 0.8932291666666666 0.5171296296296296 0.2125 0.27870370370370373
0 0.73671875 0.13842592592592592 0.050520833333333334 0.062037037037037036
0 0.7158854166666667 0.22870370370370371 0.1234375 0.1388888888888889