0 0.40703125 0.5597222222222222 0.24322916666666666 0.5916666666666667
0 0.5544270833333333 0.1425925925925926 0.09010416666666667 0.07777777777777778
0 0.7747395833333334 0.29814814814814816 0.13697916666666668 0.13703703703703704
0 0.3138020833333333 0.9657407407407408 0.05677083333333333 0.06666666666666667
0 0.10104166666666667 0.6217592592592592 0.20208333333333334 0.31574074074074077
0 0.16015625 0.13333333333333333 0.0671875 0.07037037037037037
0 0.13385416666666666 0.46296296296296297 0.26666666666666666 0.31851851851851853
0 0.215625 0.3263888888888889 0.2875 0.22685185185185186
0 0.6109375 0.08055555555555556 0.042708333333333334 0.05185185185185185
0 0.9091145833333333 0.35694444444444445 0.18177083333333333 0.19166666666666668
0 0.8927083333333333 0.5171296296296296 0.21354166666666666 0.27870370370370373
0 0.7346354166666667 0.20694444444444443 0.07864583333333333 0.09166666666666666
0 0.7893229166666667 0.1550925925925926 0.0578125 0.06574074074074074
0 0.6880208333333333 0.1699074074074074 0.07083333333333333 0.05462962962962963
0 0.7393229166666667 0.13796296296296295 0.04635416666666667 0.06111111111111111
0 0.7669270833333334 0.1476851851851852 0.10260416666666666 0.0824074074074074
0 0.36770833333333336 0.1111111111111111 0.041666666666666664 0.08888888888888889
0 0.2825520833333333 0.21712962962962962 0.15885416666666666 0.09907407407407408
0 0.14322916666666666 0.15092592592592594 0.036458333333333336 0.07962962962962963