0 0.40703125 0.5662037037037037 0.24322916666666666 0.5805555555555556
0 0.6591145833333333 0.4412037037037037 0.23072916666666668 0.4212962962962963
0 0.134375 0.4388888888888889 0.265625 0.2722222222222222
0 0.21692708333333333 0.3277777777777778 0.2828125 0.22592592592592592
0 0.7747395833333334 0.2962962962962963 0.13697916666666668 0.13518518518518519
0 0.10104166666666667 0.625462962962963 0.20208333333333334 0.3212962962962963
0 0.5424479166666667 0.14166666666666666 0.1203125 0.10925925925925926
0 0.8934895833333333 0.5189814814814815 0.21197916666666666 0.2824074074074074
0 0.3143229166666667 0.9657407407407408 0.0578125 0.06666666666666667
0 0.9119791666666667 0.35833333333333334 0.175 0.1962962962962963
0 0.3651041666666667 0.0962962962962963 0.03333333333333333 0.03518518518518519
0 0.5041666666666667 0.050462962962962966 0.052083333333333336 0.03796296296296296
0 0.13229166666666667 0.13240740740740742 0.014583333333333334 0.04259259259259259
0 0.603125 0.08148148148148149 0.06041666666666667 0.05185185185185185
0 0.16458333333333333 0.9560185185185185 0.16875 0.08611111111111111
0 0.8111979166666666 0.17083333333333334 0.10052083333333334 0.08796296296296297
0 0.7143229166666667 0.22407407407407406 0.11927083333333334 0.13148148148148148
0 0.15286458333333333 0.1 0.022395833333333334 0.018518518518518517
0 0.26015625 0.2125 0.1984375 0.11018518518518519