0 0.40677083333333336 0.5574074074074075 0.24270833333333333 0.5907407407407408
0 0.44244791666666666 0.17083333333333334 0.11822916666666666 0.13055555555555556
0 0.7747395833333334 0.29814814814814816 0.13697916666666668 0.13703703703703704
0 0.21848958333333332 0.324537037037037 0.28177083333333336 0.22314814814814815
0 0.13385416666666666 0.4615740740740741 0.26666666666666666 0.31574074074074077
0 0.3143229166666667 0.9657407407407408 0.05677083333333333 0.06666666666666667
0 0.10104166666666667 0.6268518518518519 0.20208333333333334 0.32407407407407407
0 0.7354166666666667 0.2074074074074074 0.07916666666666666 0.09074074074074075
0 0.909375 0.35833333333333334 0.18125 0.19444444444444445
0 0.6015625 0.07962962962962963 0.025 0.044444444444444446
0 0.88671875 0.5171296296296296 0.22552083333333334 0.27870370370370373
0 0.159375 0.1449074074074074 0.06979166666666667 0.09537037037037037
0 0.44635416666666666 0.052314814814814814 0.027083333333333334 0.023148148148148147
0 0.7385416666666667 0.13842592592592592 0.04791666666666667 0.06018518518518518
0 0.3625 0.12916666666666668 0.07708333333333334 0.08055555555555556
0 0.31536458333333334 0.2300925925925926 0.09114583333333333 0.07314814814814814
0 0.29348958333333336 0.2175925925925926 0.1359375 0.09814814814814815
0 0.8567708333333334 0.19305555555555556 0.053125 0.05277777777777778
0 0.78984375 0.15416666666666667 0.0546875 0.06388888888888888