0 0.6033854166666667 0.3314814814814815 0.2140625 0.3111111111111111
0 0.46848958333333335 0.16064814814814815 0.10572916666666667 0.13055555555555556
0 0.21458333333333332 0.3263888888888889 0.2875 0.22685185185185186
0 0.775 0.29814814814814816 0.1375 0.13703703703703704
0 0.10104166666666667 0.6259259259259259 0.20208333333333334 0.32407407407407407
0 0.134375 0.43657407407407406 0.265625 0.26944444444444443
0 0.40703125 0.5648148148148148 0.24427083333333333 0.5814814814814815
0 0.91484375 0.3578703703703704 0.16927083333333334 0.1935185185185185
0 0.8934895833333333 0.5180555555555556 0.21197916666666666 0.28055555555555556
0 0.6166666666666667 0.09490740740740741 0.10729166666666666 0.062037037037037036
0 0.76875 0.14583333333333334 0.10729166666666666 0.0787037037037037
0 0.31614583333333335 0.22962962962962963 0.09166666666666666 0.07222222222222222
0 0.9786458333333333 0.3574074074074074 0.041666666666666664 0.09814814814814815
0 0.37942708333333336 0.11712962962962963 0.12135416666666667 0.10277777777777777
0 0.16510416666666666 0.14027777777777778 0.08229166666666667 0.10092592592592593
0 0.2825520833333333 0.2175925925925926 0.15885416666666666 0.09814814814814815