0 0.4544270833333333 0.16435185185185186 0.1328125 0.13240740740740742
0 0.4075520833333333 0.5569444444444445 0.24114583333333334 0.5916666666666667
0 0.77421875 0.29814814814814816 0.1359375 0.13703703703703704
0 0.284375 0.14953703703703702 0.12395833333333334 0.08796296296296297
0 0.42109375 0.10648148148148148 0.1171875 0.08148148148148149
0 0.21796875 0.324537037037037 0.2828125 0.225
0 0.10104166666666667 0.6263888888888889 0.20208333333333334 0.32314814814814813
0 0.9075520833333334 0.35648148148148145 0.18385416666666668 0.19074074074074074
0 0.6026041666666667 0.07962962962962963 0.06041666666666667 0.05555555555555555
0 0.8921875 0.5171296296296296 0.21354166666666666 0.27870370370370373
0 0.134375 0.46435185185185185 0.265625 0.32314814814814813
0 0.17109375 0.8865740740740741 0.3411458333333333 0.225
0 0.29322916666666665 0.2162037037037037 0.13645833333333332 0.10092592592592593