0 0.5473958333333333 0.27314814814814814 0.18854166666666666 0.24444444444444444
0 0.7744791666666667 0.29814814814814816 0.13645833333333332 0.13703703703703704
0 0.40677083333333336 0.562962962962963 0.24270833333333333 0.587037037037037
0 0.4640625 0.14444444444444443 0.12604166666666666 0.1037037037037037
0 0.13385416666666666 0.46435185185185185 0.26666666666666666 0.3175925925925926
0 0.21692708333333333 0.3263888888888889 0.2838541666666667 0.225
0 0.10104166666666667 0.6287037037037037 0.20208333333333334 0.3277777777777778
0 0.3138020833333333 0.9657407407407408 0.05572916666666667 0.06666666666666667
0 0.6111979166666667 0.0824074074074074 0.044270833333333336 0.05
0 0.91328125 0.3578703703703704 0.17239583333333333 0.1935185185185185
0 0.13463541666666667 0.13240740740740742 0.018229166666666668 0.044444444444444446
0 0.7356770833333334 0.20694444444444443 0.0765625 0.08981481481481482
0 0.5838541666666667 0.10046296296296296 0.03958333333333333 0.04351851851851852
0 0.9786458333333333 0.35694444444444445 0.041666666666666664 0.09537037037037037
0 0.79921875 0.15324074074074073 0.0421875 0.06018518518518518
0 0.4197916666666667 0.08472222222222223 0.035416666666666666 0.03796296296296296
0 0.8911458333333333 0.5189814814814815 0.21458333333333332 0.28055555555555556
0 0.6942708333333333 0.1837962962962963 0.07291666666666667 0.09166666666666666
0 0.22864583333333333 0.12222222222222222 0.042708333333333334 0.07407407407407407
0 0.1359375 0.18333333333333332 0.01875 0.04814814814814815
0 0.7669270833333334 0.14583333333333334 0.10677083333333333 0.0787037037037037
0 0.2828125 0.2175925925925926 0.15833333333333333 0.09814814814814815