0 0.40703125 0.5601851851851852 0.24322916666666666 0.5888888888888889
0 0.7744791666666667 0.29768518518518516 0.13645833333333332 0.1361111111111111
0 0.21692708333333333 0.32407407407407407 0.28489583333333335 0.22592592592592592
0 0.13385416666666666 0.46435185185185185 0.26666666666666666 0.325
0 0.10104166666666667 0.6231481481481481 0.20208333333333334 0.31666666666666665
0 0.3140625 0.9657407407407408 0.05625 0.06666666666666667
0 0.37005208333333334 0.11481481481481481 0.07135416666666666 0.06296296296296296
0 0.90703125 0.35694444444444445 0.18489583333333334 0.19166666666666668
0 0.30364583333333334 0.12731481481481483 0.134375 0.09166666666666666
0 0.89296875 0.5166666666666667 0.21302083333333333 0.2796296296296296
0 0.7893229166666667 0.15462962962962962 0.0578125 0.06481481481481481
0 0.56875 0.1537037037037037 0.06145833333333333 0.06851851851851852
0 0.14270833333333333 0.13194444444444445 0.0375 0.0824074074074074
0 0.7299479166666667 0.13796296296296295 0.06510416666666667 0.06111111111111111
0 0.28046875 0.2199074074074074 0.1546875 0.09351851851851851