0 0.6182291666666667 0.36018518518518516 0.21770833333333334 0.34444444444444444
0 0.40677083333333336 0.5666666666666667 0.24375 0.5814814814814815
0 0.4708333333333333 0.16574074074074074 0.103125 0.12962962962962962
0 0.775 0.29814814814814816 0.1375 0.13703703703703704
0 0.21432291666666667 0.3263888888888889 0.28802083333333334 0.22685185185185186
0 0.13411458333333334 0.4601851851851852 0.26614583333333336 0.3148148148148148
0 0.10104166666666667 0.6180555555555556 0.20208333333333334 0.3101851851851852
0 0.3143229166666667 0.9652777777777778 0.0578125 0.06759259259259259
0 0.9096354166666667 0.3578703703703704 0.18072916666666666 0.19537037037037036
0 0.8934895833333333 0.5189814814814815 0.21197916666666666 0.2824074074074074
0 0.31614583333333335 0.2300925925925926 0.09166666666666666 0.07314814814814814