0 0.4544270833333333 0.16620370370370371 0.13177083333333334 0.12685185185185185
0 0.775 0.29814814814814816 0.1375 0.13703703703703704
0 0.40703125 0.5569444444444445 0.24322916666666666 0.5916666666666667
0 0.20104166666666667 0.15092592592592594 0.09583333333333334 0.08333333333333333
0 0.5489583333333333 0.14583333333333334 0.10416666666666667 0.0787037037037037
0 0.21744791666666666 0.32685185185185184 0.2838541666666667 0.22592592592592592
0 0.10104166666666667 0.6222222222222222 0.20208333333333334 0.3148148148148148
0 0.28046875 0.10972222222222222 0.10364583333333334 0.08055555555555556
0 0.13385416666666666 0.4638888888888889 0.26666666666666666 0.31851851851851853
0 0.9078125 0.35648148148148145 0.18333333333333332 0.19074074074074074
0 0.36484375 0.09814814814814815 0.0328125 0.03333333333333333
0 0.8932291666666666 0.5166666666666667 0.2125 0.2777777777777778
0 0.7895833333333333 0.1675925925925926 0.096875 0.07962962962962963
0 0.30755208333333334 0.10925925925925926 0.049479166666666664 0.07962962962962963
0 0.61171875 0.08194444444444444 0.043229166666666666 0.04722222222222222
0 0.5708333333333333 0.10787037037037037 0.05416666666666667 0.028703703703703703
0 0.7375 0.2050925925925926 0.07395833333333333 0.08796296296296297
0 0.75625 0.13472222222222222 0.08333333333333333 0.058333333333333334
0 0.31588541666666664 0.2310185185185185 0.0921875 0.0712962962962963
0 0.2833333333333333 0.21712962962962962 0.15729166666666666 0.10092592592592593