0 0.40729166666666666 0.5671296296296297 0.24375 0.5824074074074074
0 0.134375 0.43842592592592594 0.26666666666666666 0.27314814814814814
0 0.775 0.29768518518518516 0.1375 0.13796296296296295
0 0.3143229166666667 0.9652777777777778 0.0578125 0.06759259259259259
0 0.10104166666666667 0.6273148148148148 0.20208333333333334 0.32685185185185184
0 0.21380208333333334 0.34305555555555556 0.28489583333333335 0.19166666666666668
0 0.603125 0.07685185185185185 0.06041666666666667 0.046296296296296294
0 0.14244791666666667 0.16620370370370371 0.034895833333333334 0.06018518518518518
0 0.23776041666666667 0.14537037037037037 0.1015625 0.07777777777777778
0 0.4002604166666667 0.13148148148148148 0.1203125 0.07777777777777778
0 0.16484375 0.9560185185185185 0.16927083333333334 0.08611111111111111
0 0.9075520833333334 0.3574074074074074 0.18385416666666668 0.19444444444444445
0 0.44296875 0.05138888888888889 0.058854166666666666 0.032407407407407406
0 0.89375 0.5180555555555556 0.21145833333333333 0.2824074074074074
0 0.5471354166666667 0.14351851851851852 0.05572916666666667 0.10740740740740741
0 0.7875 0.15694444444444444 0.05625 0.06759259259259259
0 0.6989583333333333 0.16527777777777777 0.090625 0.06574074074074074
0 0.6369791666666667 0.36574074074074076 0.18541666666666667 0.26481481481481484
0 0.315625 0.2310185185185185 0.09166666666666666 0.0712962962962963
0 0.6822916666666666 0.4486111111111111 0.27708333333333335 0.4324074074074074
0 0.7151041666666667 0.22916666666666666 0.121875 0.13425925925925927
0 0.73671875 0.13703703703703704 0.050520833333333334 0.05925925925925926
0 0.2825520833333333 0.21666666666666667 0.1578125 0.10185185185185185