0 0.40677083333333336 0.5652777777777778 0.24375 0.5805555555555556
0 0.471875 0.16712962962962963 0.10208333333333333 0.13055555555555556
0 0.13463541666666667 0.44027777777777777 0.26510416666666664 0.2712962962962963
0 0.2140625 0.3263888888888889 0.2864583333333333 0.22685185185185186
0 0.7747395833333334 0.29814814814814816 0.13697916666666668 0.13703703703703704
0 0.6221354166666667 0.3685185185185185 0.21822916666666667 0.35555555555555557
0 0.10104166666666667 0.6138888888888889 0.20208333333333334 0.29814814814814816
0 0.3151041666666667 0.9657407407407408 0.059375 0.06666666666666667
0 0.9111979166666667 0.35833333333333334 0.1765625 0.19444444444444445
0 0.8932291666666666 0.5162037037037037 0.2125 0.27685185185185185
0 0.31614583333333335 0.23055555555555557 0.09166666666666666 0.07037037037037037
0 0.37994791666666666 0.11666666666666667 0.12239583333333333 0.1037037037037037
0 0.7145833333333333 0.23055555555555557 0.12083333333333333 0.1388888888888889