0 0.5963541666666666 0.32222222222222224 0.21979166666666666 0.30185185185185187
0 0.4075520833333333 0.5569444444444445 0.24322916666666666 0.5879629629629629
0 0.1453125 0.14212962962962963 0.041666666666666664 0.0787037037037037
0 0.13411458333333334 0.42777777777777776 0.26614583333333336 0.2518518518518518
0 0.775 0.29768518518518516 0.1375 0.13796296296296295
0 0.10104166666666667 0.6212962962962963 0.20208333333333334 0.31296296296296294
0 0.21744791666666666 0.324537037037037 0.2828125 0.22314814814814815
0 0.3140625 0.9652777777777778 0.05625 0.06759259259259259
0 0.9088541666666666 0.35462962962962963 0.18125 0.18703703703703703
0 0.8924479166666667 0.5175925925925926 0.21302083333333333 0.2796296296296296
0 0.6109375 0.08194444444444444 0.04375 0.05277777777777778
0 0.7138020833333333 0.23055555555555557 0.1203125 0.1425925925925926
0 0.790625 0.1550925925925926 0.052083333333333336 0.06574074074074074
0 0.16510416666666666 0.9564814814814815 0.16979166666666667 0.08518518518518518
0 0.31536458333333334 0.23055555555555557 0.09114583333333333 0.07222222222222222
0 0.7385416666666667 0.13703703703703704 0.04375 0.05925925925925926
0 0.58046875 0.06759259259259259 0.016145833333333335 0.037037037037037035
0 0.3653645833333333 0.09583333333333334 0.0328125 0.03611111111111111