0 0.4005208333333333 0.13240740740740742 0.12083333333333333 0.07962962962962963
0 0.7744791666666667 0.29814814814814816 0.13645833333333332 0.13703703703703704
0 0.21953125 0.14583333333333334 0.06510416666666667 0.07685185185185185
0 0.6505208333333333 0.4513888888888889 0.25104166666666666 0.43796296296296294
0 0.40729166666666666 0.5671296296296297 0.24270833333333333 0.5805555555555556
0 0.13489583333333333 0.44305555555555554 0.26458333333333334 0.275
0 0.3143229166666667 0.9657407407407408 0.0578125 0.06666666666666667
0 0.21432291666666667 0.3347222222222222 0.2828125 0.2064814814814815
0 0.10104166666666667 0.6263888888888889 0.20208333333333334 0.32314814814814813
0 0.14244791666666667 0.16620370370370371 0.034895833333333334 0.06018518518518518
0 0.603125 0.08194444444444444 0.06145833333333333 0.05092592592592592
0 0.44765625 0.05092592592592592 0.04635416666666667 0.02962962962962963
0 0.91484375 0.3578703703703704 0.16927083333333334 0.19537037037037036
0 0.89375 0.5185185185185185 0.21145833333333333 0.2814814814814815
0 0.69921875 0.16666666666666666 0.09114583333333333 0.06851851851851852
0 0.13125 0.125 0.013541666666666667 0.02962962962962963
0 0.7890625 0.15555555555555556 0.057291666666666664 0.06481481481481481
0 0.7354166666666667 0.1375 0.051041666666666666 0.058333333333333334
0 0.7143229166666667 0.2300925925925926 0.1203125 0.1361111111111111
0 0.31588541666666664 0.2310185185185185 0.0921875 0.06944444444444445
0 0.16484375 0.9560185185185185 0.16822916666666668 0.08611111111111111
0 0.2828125 0.21712962962962962 0.15833333333333333 0.09907407407407408