0 0.40729166666666666 0.5666666666666667 0.24375 0.575925925925926
0 0.134375 0.44027777777777777 0.265625 0.275
0 0.775 0.29768518518518516 0.1375 0.13796296296296295
0 0.21536458333333333 0.3416666666666667 0.2828125 0.18888888888888888
0 0.10104166666666667 0.6268518518518519 0.20208333333333334 0.32592592592592595
0 0.3140625 0.9652777777777778 0.057291666666666664 0.06759259259259259
0 0.2520833333333333 0.14629629629629629 0.13020833333333334 0.07962962962962963
0 0.6026041666666667 0.08009259259259259 0.06041666666666667 0.05277777777777778
0 0.14244791666666667 0.16620370370370371 0.034895833333333334 0.06018518518518518
0 0.9096354166666667 0.3587962962962963 0.1796875 0.19722222222222222
0 0.16484375 0.9550925925925926 0.16927083333333334 0.08796296296296297
0 0.44765625 0.05092592592592592 0.04739583333333333 0.03148148148148148
0 0.8934895833333333 0.5171296296296296 0.21197916666666666 0.28055555555555556
0 0.54453125 0.13518518518518519 0.04739583333333333 0.08888888888888889
0 0.6989583333333333 0.16435185185185186 0.09166666666666666 0.06388888888888888
0 0.4005208333333333 0.13564814814814816 0.11979166666666667 0.08611111111111111
0 0.7341145833333333 0.13796296296296295 0.0546875 0.05925925925925926
0 0.7151041666666667 0.23055555555555557 0.121875 0.1388888888888889
0 0.7888020833333333 0.15555555555555556 0.0578125 0.06666666666666667
0 0.68359375 0.45 0.28072916666666664 0.43703703703703706