0 0.4395833333333333 0.16203703703703703 0.12291666666666666 0.12777777777777777
0 0.40703125 0.5583333333333333 0.2421875 0.5907407407407408
0 0.7747395833333334 0.29814814814814816 0.13697916666666668 0.13703703703703704
0 0.5622395833333333 0.11944444444444445 0.11510416666666666 0.07962962962962963
0 0.20625 0.1300925925925926 0.078125 0.058333333333333334
0 0.2171875 0.32685185185185184 0.2833333333333333 0.22777777777777777
0 0.15989583333333332 0.16111111111111112 0.07083333333333333 0.07037037037037037
0 0.10104166666666667 0.6282407407407408 0.20208333333333334 0.32685185185185184
0 0.9091145833333333 0.35509259259259257 0.18177083333333333 0.18796296296296297
0 0.35963541666666665 0.10277777777777777 0.11614583333333334 0.09444444444444444
0 0.13385416666666666 0.46435185185185185 0.26666666666666666 0.325
0 0.31223958333333335 0.9652777777777778 0.0515625 0.06759259259259259
0 0.8924479166666667 0.5175925925925926 0.2140625 0.2796296296296296
0 0.7890625 0.15462962962962962 0.05625 0.06481481481481481
0 0.31588541666666664 0.2310185185185185 0.0921875 0.06944444444444445
0 0.6119791666666666 0.07962962962962963 0.042708333333333334 0.04814814814814815
0 0.7388020833333333 0.1375 0.04739583333333333 0.06018518518518518
0 0.2828125 0.21712962962962962 0.15833333333333333 0.09907407407407408