0 0.5473958333333333 0.27361111111111114 0.18854166666666666 0.24351851851851852
0 0.40677083333333336 0.562037037037037 0.24270833333333333 0.5851851851851851
0 0.7744791666666667 0.29814814814814816 0.13645833333333332 0.13703703703703704
0 0.4640625 0.14537037037037037 0.11354166666666667 0.1037037037037037
0 0.13385416666666666 0.4638888888888889 0.26666666666666666 0.31851851851851853
0 0.21744791666666666 0.3263888888888889 0.2828125 0.225
0 0.10104166666666667 0.6282407407407408 0.20208333333333334 0.32685185185185184
0 0.6111979166666667 0.0824074074074074 0.044270833333333336 0.05
0 0.3140625 0.9657407407407408 0.05625 0.06666666666666667
0 0.9135416666666667 0.3578703703703704 0.171875 0.1935185185185185
0 0.13098958333333333 0.13333333333333333 0.0109375 0.044444444444444446
0 0.7356770833333334 0.2064814814814815 0.0765625 0.09074074074074075
0 0.5841145833333333 0.10138888888888889 0.04010416666666667 0.04351851851851852
0 0.7989583333333333 0.15324074074074073 0.042708333333333334 0.06018518518518518
0 0.9786458333333333 0.35648148148148145 0.041666666666666664 0.09444444444444444
0 0.4203125 0.0875 0.036458333333333336 0.041666666666666664
0 0.8921875 0.5189814814814815 0.215625 0.28055555555555556
0 0.31666666666666665 0.1398148148148148 0.06041666666666667 0.06851851851851852
0 0.6940104166666666 0.1837962962962963 0.0734375 0.09166666666666666
0 0.29296875 0.21712962962962962 0.13385416666666666 0.09722222222222222
0 0.22213541666666667 0.11990740740740741 0.04739583333333333 0.06388888888888888