0 0.48854166666666665 0.12129629629629629 0.09479166666666666 0.06851851851851852
0 0.40677083333333336 0.5578703703703703 0.24270833333333333 0.5898148148148148
0 0.7747395833333334 0.29814814814814816 0.13697916666666668 0.13703703703703704
0 0.21770833333333334 0.324537037037037 0.2833333333333333 0.2212962962962963
0 0.13411458333333334 0.4625 0.26614583333333336 0.3175925925925926
0 0.3138020833333333 0.9657407407407408 0.05572916666666667 0.06666666666666667
0 0.10104166666666667 0.6259259259259259 0.20208333333333334 0.32407407407407407
0 0.90703125 0.3574074074074074 0.18489583333333334 0.19444444444444445
0 0.7346354166666667 0.2074074074074074 0.07864583333333333 0.09074074074074075
0 0.3653645833333333 0.09768518518518518 0.0328125 0.03425925925925926
0 0.41171875 0.10740740740740741 0.04635416666666667 0.04814814814814815
0 0.7940104166666667 0.15416666666666667 0.04739583333333333 0.06388888888888888
0 0.5903645833333333 0.12962962962962962 0.10052083333333334 0.10740740740740741
0 0.8830729166666667 0.5166666666666667 0.2328125 0.2796296296296296