0 0.5895833333333333 0.3138888888888889 0.21041666666666667 0.29259259259259257
0 0.40677083333333336 0.5611111111111111 0.24375 0.5888888888888889
0 0.7744791666666667 0.29814814814814816 0.13645833333333332 0.13703703703703704
0 0.46979166666666666 0.15787037037037038 0.11354166666666667 0.12685185185185185
0 0.21458333333333332 0.32592592592592595 0.28854166666666664 0.22407407407407406
0 0.10104166666666667 0.6277777777777778 0.20208333333333334 0.32592592592592595
0 0.3140625 0.9657407407407408 0.057291666666666664 0.06666666666666667
0 0.13411458333333334 0.4625 0.26614583333333336 0.3175925925925926
0 0.8932291666666666 0.5185185185185185 0.2125 0.2814814814814815
0 0.915625 0.3578703703703704 0.16770833333333332 0.19537037037037036
0 0.6111979166666667 0.08148148148148149 0.043229166666666666 0.05185185185185185
0 0.16432291666666668 0.9569444444444445 0.16822916666666668 0.08425925925925926
0 0.18125 0.1337962962962963 0.04791666666666667 0.0712962962962963
0 0.28151041666666665 0.21666666666666667 0.1546875 0.1