0 0.40677083333333336 0.5560185185185185 0.24270833333333333 0.5916666666666667
0 0.7744791666666667 0.29814814814814816 0.13645833333333332 0.13703703703703704
0 0.4549479166666667 0.16620370370370371 0.13177083333333334 0.1287037037037037
0 0.34322916666666664 0.10787037037037037 0.11041666666666666 0.08425925925925926
0 0.1453125 0.16527777777777777 0.040625 0.06759259259259259
0 0.21796875 0.325 0.2828125 0.22407407407407406
0 0.134375 0.46435185185185185 0.265625 0.32314814814814813
0 0.10130208333333333 0.6268518518518519 0.20260416666666667 0.32592592592592595
0 0.9075520833333334 0.3560185185185185 0.18385416666666668 0.18981481481481483
0 0.6848958333333334 0.1439814814814815 0.0625 0.06388888888888888
0 0.8924479166666667 0.5171296296296296 0.21302083333333333 0.27870370370370373
0 0.6026041666666667 0.08009259259259259 0.06041666666666667 0.05462962962962963
0 0.39401041666666664 0.13194444444444445 0.06510416666666667 0.075
0 0.8557291666666667 0.19212962962962962 0.05520833333333333 0.06388888888888888
0 0.7369791666666666 0.20555555555555555 0.075 0.08888888888888889
0 0.29322916666666665 0.21666666666666667 0.1375 0.1