0 0.21458333333333332 0.14814814814814814 0.07708333333333334 0.07592592592592592
0 0.40703125 0.5662037037037037 0.24427083333333333 0.5824074074074074
0 0.7747395833333334 0.29768518518518516 0.13697916666666668 0.13796296296296295
0 0.13385416666666666 0.44074074074074077 0.26666666666666666 0.2759259259259259
0 0.21484375 0.33287037037037037 0.28802083333333334 0.21388888888888888
0 0.40078125 0.13240740740740742 0.1203125 0.07962962962962963
0 0.3140625 0.9657407407407408 0.057291666666666664 0.06666666666666667
0 0.10104166666666667 0.6273148148148148 0.20208333333333334 0.32685185185185184
0 0.13333333333333333 0.13240740740740742 0.017708333333333333 0.04259259259259259
0 0.9078125 0.3578703703703704 0.184375 0.19537037037037036
0 0.8940104166666667 0.5060185185185185 0.2109375 0.2564814814814815
0 0.16458333333333333 0.9564814814814815 0.16875 0.08518518518518518
0 0.4479166666666667 0.05092592592592592 0.046875 0.03148148148148148
0 0.69921875 0.16712962962962963 0.09114583333333333 0.06944444444444445
0 0.57890625 0.07175925925925926 0.0140625 0.026851851851851852
0 0.6859375 0.4486111111111111 0.284375 0.4324074074074074
0 0.5421875 0.16203703703703703 0.051041666666666666 0.07777777777777778
0 0.7145833333333333 0.2273148148148148 0.12083333333333333 0.13425925925925927
0 0.7393229166666667 0.13796296296296295 0.04739583333333333 0.05925925925925926
0 0.7888020833333333 0.15555555555555556 0.058854166666666666 0.06666666666666667
0 0.5 0.053703703703703705 0.04583333333333333 0.03148148148148148
0 0.2828125 0.21805555555555556 0.15833333333333333 0.09907407407407408
0 0.60234375 0.08055555555555556 0.059895833333333336 0.05185185185185185