0 0.3997395833333333 0.13194444444444445 0.1203125 0.0787037037037037
0 0.40729166666666666 0.5694444444444444 0.24375 0.5777777777777777
0 0.3143229166666667 0.9657407407407408 0.05677083333333333 0.06666666666666667
0 0.775 0.29768518518518516 0.1375 0.13796296296296295
0 0.15989583333333332 0.16157407407407406 0.06979166666666667 0.06574074074074074
0 0.13411458333333334 0.462037037037037 0.26614583333333336 0.31851851851851853
0 0.10130208333333333 0.6263888888888889 0.20260416666666667 0.325
0 0.21536458333333333 0.32916666666666666 0.2869791666666667 0.2212962962962963
0 0.9080729166666667 0.3578703703703704 0.1828125 0.19537037037037036
0 0.6794270833333333 0.44675925925925924 0.27239583333333334 0.4287037037037037
0 0.89375 0.5180555555555556 0.21145833333333333 0.28055555555555556
0 0.16458333333333333 0.9564814814814815 0.16875 0.08518518518518518
0 0.44453125 0.05185185185185185 0.0515625 0.02962962962962963
0 0.60234375 0.08009259259259259 0.059895833333333336 0.05277777777777778
0 0.6986979166666667 0.16620370370370371 0.09010416666666667 0.06759259259259259
0 0.13072916666666667 0.12407407407407407 0.0125 0.027777777777777776
0 0.7890625 0.15555555555555556 0.058333333333333334 0.06481481481481481
0 0.7143229166666667 0.22870370370370371 0.1203125 0.13518518518518519
0 0.7390625 0.1375 0.04791666666666667 0.06018518518518518
0 0.49895833333333334 0.05416666666666667 0.046875 0.032407407407407406