0 0.40677083333333336 0.5597222222222222 0.24270833333333333 0.5898148148148148
0 0.7744791666666667 0.29814814814814816 0.13645833333333332 0.13703703703703704
0 0.21770833333333334 0.325 0.2833333333333333 0.22407407407407406
0 0.13385416666666666 0.4634259259259259 0.26666666666666666 0.32314814814814813
0 0.3138020833333333 0.9657407407407408 0.05572916666666667 0.06666666666666667
0 0.10104166666666667 0.6222222222222222 0.20208333333333334 0.31666666666666665
0 0.5526041666666667 0.15555555555555556 0.08854166666666667 0.09074074074074075
0 0.909375 0.35648148148148145 0.18125 0.19074074074074074
0 0.19375 0.14212962962962963 0.1125 0.09907407407407408
0 0.8919270833333334 0.5175925925925926 0.21614583333333334 0.2796296296296296
0 0.5447916666666667 0.11990740740740741 0.08333333333333333 0.07685185185185185
0 0.60078125 0.07685185185185185 0.0578125 0.04259259259259259
0 0.2828125 0.2175925925925926 0.15833333333333333 0.09814814814814815