0 0.77421875 0.29768518518518516 0.1359375 0.1361111111111111
0 0.40677083333333336 0.5597222222222222 0.24270833333333333 0.5879629629629629
0 0.19609375 0.15 0.1078125 0.08703703703703704
0 0.21744791666666666 0.32685185185185184 0.2838541666666667 0.22407407407407406
0 0.13385416666666666 0.4634259259259259 0.26666666666666666 0.3212962962962963
0 0.3140625 0.9657407407407408 0.05625 0.06666666666666667
0 0.10104166666666667 0.624537037037037 0.20208333333333334 0.3194444444444444
0 0.9078125 0.3574074074074074 0.18333333333333332 0.1925925925925926
0 0.7348958333333333 0.20787037037037037 0.07708333333333334 0.09351851851851851
0 0.13151041666666666 0.13194444444444445 0.013020833333333334 0.04351851851851852
0 0.3653645833333333 0.09814814814814815 0.03177083333333333 0.03148148148148148
0 0.8921875 0.5175925925925926 0.21458333333333332 0.2777777777777778
0 0.7973958333333333 0.1550925925925926 0.03854166666666667 0.06388888888888888
0 0.7380208333333333 0.13796296296296295 0.04895833333333333 0.06111111111111111
0 0.7651041666666667 0.14722222222222223 0.103125 0.08148148148148149
0 0.6794270833333333 0.12685185185185185 0.03802083333333333 0.05
0 0.6890625 0.19166666666666668 0.07083333333333333 0.0962962962962963
0 0.3111979166666667 0.2324074074074074 0.08177083333333333 0.07037037037037037