0 0.596875 0.32222222222222224 0.2125 0.30185185185185187
0 0.40703125 0.5634259259259259 0.24427083333333333 0.5824074074074074
0 0.46432291666666664 0.15694444444444444 0.10677083333333333 0.1287037037037037
0 0.21536458333333333 0.32592592592592595 0.2869791666666667 0.22407407407407406
0 0.10104166666666667 0.6277777777777778 0.20208333333333334 0.32592592592592595
0 0.134375 0.4597222222222222 0.265625 0.31574074074074077
0 0.3143229166666667 0.9652777777777778 0.05677083333333333 0.06759259259259259
0 0.8932291666666666 0.5189814814814815 0.2125 0.2824074074074074
0 0.77421875 0.29814814814814816 0.13802083333333334 0.1388888888888889
0 0.6091145833333333 0.08194444444444444 0.04739583333333333 0.05092592592592592
0 0.909375 0.35833333333333334 0.18125 0.19444444444444445
0 0.21067708333333332 0.16435185185185186 0.0421875 0.06018518518518518
0 0.42083333333333334 0.0912037037037037 0.0375 0.05092592592592592
0 0.309375 0.15555555555555556 0.04895833333333333 0.053703703703703705
0 0.9783854166666667 0.35648148148148145 0.0421875 0.0962962962962963
0 0.31614583333333335 0.22916666666666666 0.09166666666666666 0.07314814814814814
0 0.28098958333333335 0.2175925925925926 0.15572916666666667 0.09814814814814815