0 0.40703125 0.5657407407407408 0.24322916666666666 0.575925925925926
0 0.7747395833333334 0.29814814814814816 0.13697916666666668 0.13703703703703704
0 0.4825520833333333 0.21203703703703702 0.1234375 0.17962962962962964
0 0.13385416666666666 0.46064814814814814 0.26666666666666666 0.3138888888888889
0 0.21666666666666667 0.3263888888888889 0.28541666666666665 0.22685185185185186
0 0.3143229166666667 0.9657407407407408 0.05677083333333333 0.06666666666666667
0 0.10130208333333333 0.6185185185185185 0.20260416666666667 0.3074074074074074
0 0.9151041666666667 0.35648148148148145 0.16875 0.19074074074074074
0 0.89296875 0.5171296296296296 0.21302083333333333 0.27870370370370373
0 0.228125 0.12453703703703704 0.04583333333333333 0.0787037037037037
0 0.134375 0.13148148148148148 0.017708333333333333 0.04259259259259259
0 0.31640625 0.22916666666666666 0.09114583333333333 0.07314814814814814
0 0.9783854166666667 0.35694444444444445 0.0421875 0.09537037037037037
0 0.7963541666666667 0.1550925925925926 0.04375 0.06388888888888888
0 0.6096354166666667 0.07962962962962963 0.04635416666666667 0.046296296296296294
0 0.47265625 0.14583333333333334 0.14427083333333332 0.10277777777777777
0 0.28229166666666666 0.21712962962962962 0.159375 0.09907407407407408