0 0.6033854166666667 0.33194444444444443 0.2140625 0.31203703703703706
0 0.40677083333333336 0.5666666666666667 0.24479166666666666 0.5777777777777777
0 0.4671875 0.16064814814814815 0.10625 0.1287037037037037
0 0.21432291666666667 0.3263888888888889 0.28802083333333334 0.22685185185185186
0 0.775 0.29814814814814816 0.1375 0.13703703703703704
0 0.134375 0.43703703703703706 0.265625 0.26851851851851855
0 0.10104166666666667 0.6259259259259259 0.20208333333333334 0.32407407407407407
0 0.91484375 0.3578703703703704 0.16927083333333334 0.1935185185185185
0 0.8934895833333333 0.5180555555555556 0.21197916666666666 0.28055555555555556
0 0.9786458333333333 0.3574074074074074 0.041666666666666664 0.09814814814814815
0 0.31614583333333335 0.22962962962962963 0.09166666666666666 0.07222222222222222
0 0.2825520833333333 0.21712962962962962 0.15885416666666666 0.09907407407407408