0 0.60546875 0.33240740740740743 0.21302083333333333 0.3111111111111111
0 0.465625 0.15925925925925927 0.10729166666666666 0.12962962962962962
0 0.7755208333333333 0.2967592592592593 0.13854166666666667 0.1361111111111111
0 0.13411458333333334 0.43796296296296294 0.26614583333333336 0.2722222222222222
0 0.21510416666666668 0.32685185185185184 0.28541666666666665 0.22777777777777777
0 0.10104166666666667 0.6291666666666667 0.20208333333333334 0.33055555555555555
0 0.3140625 0.9657407407407408 0.05625 0.06666666666666667
0 0.8932291666666666 0.5185185185185185 0.2125 0.2833333333333333
0 0.909375 0.3574074074074074 0.18125 0.19444444444444445
0 0.40677083333333336 0.5666666666666667 0.24479166666666666 0.5796296296296296
0 0.3807291666666667 0.11666666666666667 0.12083333333333333 0.10185185185185185
0 0.16458333333333333 0.9560185185185185 0.16875 0.08611111111111111
0 0.7690104166666667 0.14675925925925926 0.10572916666666667 0.0787037037037037
0 0.5419270833333333 0.12361111111111112 0.11614583333333334 0.11203703703703703
0 0.2828125 0.21666666666666667 0.15833333333333333 0.1
0 0.6114583333333333 0.08101851851851852 0.04375 0.05277777777777778
0 0.2526041666666667 0.10601851851851851 0.10729166666666666 0.10462962962962963
0 0.16510416666666666 0.1449074074074074 0.08125 0.09537037037037037