0 0.16744791666666667 0.1597222222222222 0.08489583333333334 0.075
0 0.775 0.29814814814814816 0.1375 0.1388888888888889
0 0.134375 0.44027777777777777 0.26666666666666666 0.275
0 0.10130208333333333 0.6263888888888889 0.20260416666666667 0.325
0 0.21458333333333332 0.3439814814814815 0.28229166666666666 0.19166666666666668
0 0.3143229166666667 0.9652777777777778 0.0578125 0.06759259259259259
0 0.40729166666666666 0.5726851851851852 0.24375 0.575
0 0.8940104166666667 0.5199074074074074 0.2109375 0.28425925925925927
0 0.9075520833333334 0.3578703703703704 0.18385416666666668 0.19537037037037036
0 0.13098958333333333 0.12962962962962962 0.011979166666666667 0.037037037037037035
0 0.7895833333333333 0.15555555555555556 0.06041666666666667 0.06666666666666667
0 0.16458333333333333 0.9560185185185185 0.16979166666666667 0.08611111111111111
0 0.6986979166666667 0.16620370370370371 0.09114583333333333 0.06759259259259259
0 0.34322916666666664 0.1287037037037037 0.042708333333333334 0.040740740740740744
0 0.6755208333333333 0.45046296296296295 0.2635416666666667 0.4361111111111111
0 0.5783854166666667 0.0712962962962963 0.015104166666666667 0.027777777777777776
0 0.7359375 0.13796296296296295 0.051041666666666666 0.05925925925925926
0 0.3572916666666667 0.09768518518518518 0.04791666666666667 0.03611111111111111
0 0.403125 0.14166666666666666 0.051041666666666666 0.05925925925925926
0 0.5786458333333333 0.13657407407407407 0.03333333333333333 0.05277777777777778
0 0.7145833333333333 0.22870370370370371 0.12083333333333333 0.13518518518518519
0 0.6026041666666667 0.07962962962962963 0.0625 0.053703703703703705