0 0.33229166666666665 0.13703703703703704 0.09791666666666667 0.07407407407407407
0 0.40729166666666666 0.5666666666666667 0.24375 0.5814814814814815
0 0.7752604166666667 0.29768518518518516 0.13802083333333334 0.13796296296296295
0 0.21588541666666666 0.3277777777777778 0.2838541666666667 0.22407407407407406
0 0.10104166666666667 0.6268518518518519 0.20208333333333334 0.32407407407407407
0 0.3143229166666667 0.9652777777777778 0.05677083333333333 0.06759259259259259
0 0.13411458333333334 0.44027777777777777 0.26614583333333336 0.27314814814814814
0 0.6630208333333333 0.45046296296296295 0.27291666666666664 0.4361111111111111
0 0.6109375 0.08101851851851852 0.04479166666666667 0.05092592592592592
0 0.9072916666666667 0.35833333333333334 0.18541666666666667 0.19444444444444445
0 0.8997395833333334 0.5189814814814815 0.19947916666666668 0.2824074074074074
0 0.7885416666666667 0.15601851851851853 0.058333333333333334 0.06574074074074074
0 0.5799479166666667 0.07175925925925926 0.0140625 0.028703703703703703
0 0.365625 0.09722222222222222 0.03229166666666667 0.03333333333333333
0 0.16458333333333333 0.9564814814814815 0.16875 0.08518518518518518
0 0.7390625 0.13796296296296295 0.04583333333333333 0.05925925925925926
0 0.71484375 0.2263888888888889 0.1203125 0.1361111111111111