0 0.4005208333333333 0.13240740740740742 0.12083333333333333 0.07962962962962963
0 0.40729166666666666 0.5671296296296297 0.24375 0.5824074074074074
0 0.25104166666666666 0.14537037037037037 0.128125 0.07962962962962963
0 0.13411458333333334 0.4638888888888889 0.26614583333333336 0.32222222222222224
0 0.3140625 0.9652777777777778 0.057291666666666664 0.06759259259259259
0 0.10130208333333333 0.6268518518518519 0.20260416666666667 0.32592592592592595
0 0.9075520833333334 0.3578703703703704 0.18385416666666668 0.19537037037037036
0 0.7747395833333334 0.29768518518518516 0.13697916666666668 0.13796296296296295
0 0.6854166666666667 0.4449074074074074 0.2833333333333333 0.425
0 0.603125 0.08009259259259259 0.06145833333333333 0.05277777777777778
0 0.16458333333333333 0.9564814814814815 0.16875 0.08518518518518518
0 0.8934895833333333 0.5194444444444445 0.21197916666666666 0.2851851851851852
0 0.44583333333333336 0.05092592592592592 0.04895833333333333 0.03148148148148148
0 0.14114583333333333 0.15833333333333333 0.034375 0.09444444444444444
0 0.78984375 0.15555555555555556 0.059895833333333336 0.06666666666666667
0 0.7140625 0.22962962962962963 0.11979166666666667 0.1388888888888889
0 0.6986979166666667 0.16574074074074074 0.09010416666666667 0.06666666666666667
0 0.7375 0.1375 0.05520833333333333 0.06018518518518518
0 0.2825520833333333 0.21666666666666667 0.1578125 0.10185185185185185
0 0.21354166666666666 0.32592592592592595 0.2875 0.22962962962962963