0 0.40677083333333336 0.5592592592592592 0.24270833333333333 0.5944444444444444
0 0.7747395833333334 0.29814814814814816 0.13697916666666668 0.13703703703703704
0 0.21692708333333333 0.32546296296296295 0.28489583333333335 0.22314814814814815
0 0.13385416666666666 0.462037037037037 0.26666666666666666 0.3148148148148148
0 0.3138020833333333 0.9652777777777778 0.05677083333333333 0.06759259259259259
0 0.10104166666666667 0.6300925925925925 0.20208333333333334 0.33055555555555555
0 0.17213541666666668 0.14351851851851852 0.09635416666666667 0.09259259259259259
0 0.909375 0.35648148148148145 0.18125 0.19074074074074074
0 0.7348958333333333 0.20879629629629629 0.078125 0.09166666666666666
0 0.6109375 0.07962962962962963 0.042708333333333334 0.04814814814814815
0 0.8908854166666667 0.5180555555555556 0.2171875 0.28055555555555556
0 0.31536458333333334 0.2310185185185185 0.09114583333333333 0.0712962962962963
0 0.4981770833333333 0.11712962962962963 0.0359375 0.041666666666666664
0 0.7466145833333333 0.1375 0.06614583333333333 0.062037037037037036