0 0.5466145833333333 0.27314814814814814 0.18802083333333333 0.24444444444444444
0 0.7744791666666667 0.29814814814814816 0.13645833333333332 0.13703703703703704
0 0.40677083333333336 0.5625 0.24270833333333333 0.5861111111111111
0 0.46484375 0.1439814814814815 0.1265625 0.10277777777777777
0 0.13411458333333334 0.4638888888888889 0.26614583333333336 0.31666666666666665
0 0.21796875 0.32592592592592595 0.28177083333333336 0.2222222222222222
0 0.10104166666666667 0.6273148148148148 0.20208333333333334 0.325
0 0.3143229166666667 0.9657407407407408 0.05677083333333333 0.06666666666666667
0 0.9145833333333333 0.3574074074074074 0.16979166666666667 0.1925925925925926
0 0.6106770833333334 0.08194444444444444 0.044270833333333336 0.05092592592592592
0 0.7361979166666667 0.2074074074074074 0.07864583333333333 0.09074074074074075
0 0.13411458333333334 0.13240740740740742 0.0171875 0.04259259259259259
0 0.8924479166666667 0.5185185185185185 0.2140625 0.2814814814814815
0 0.4200520833333333 0.08518518518518518 0.0359375 0.037037037037037035
0 0.9786458333333333 0.35648148148148145 0.041666666666666664 0.09444444444444444
0 0.7994791666666666 0.15416666666666667 0.041666666666666664 0.06018518518518518
0 0.7385416666666667 0.1375 0.046875 0.058333333333333334
0 0.6942708333333333 0.18472222222222223 0.07395833333333333 0.09351851851851851
0 0.5028645833333333 0.055092592592592596 0.043229166666666666 0.028703703703703703
0 0.2828125 0.21712962962962962 0.15729166666666666 0.09907407407407408