0 0.45260416666666664 0.18333333333333332 0.10625 0.14444444444444443
0 0.7744791666666667 0.29814814814814816 0.13645833333333332 0.13703703703703704
0 0.40677083333333336 0.562037037037037 0.24270833333333333 0.5814814814814815
0 0.21614583333333334 0.32685185185185184 0.2864583333333333 0.22407407407407406
0 0.3140625 0.9657407407407408 0.05625 0.06666666666666667
0 0.13385416666666666 0.4615740740740741 0.26666666666666666 0.31574074074074077
0 0.10104166666666667 0.625 0.20208333333333334 0.32037037037037036
0 0.58125 0.15648148148148147 0.03958333333333333 0.07222222222222222
0 0.16614583333333333 0.15138888888888888 0.08333333333333333 0.08055555555555556
0 0.909375 0.3574074074074074 0.18125 0.1925925925925926
0 0.7356770833333334 0.20555555555555555 0.07552083333333333 0.09074074074074075
0 0.89296875 0.5175925925925926 0.21302083333333333 0.2796296296296296
0 0.3807291666666667 0.1087962962962963 0.041666666666666664 0.08055555555555556
0 0.7903645833333334 0.15416666666666667 0.05364583333333333 0.06388888888888888
0 0.7388020833333333 0.1375 0.04739583333333333 0.06018518518518518
0 0.22369791666666666 0.16898148148148148 0.0421875 0.05462962962962963
0 0.31640625 0.22962962962962963 0.09114583333333333 0.07222222222222222
0 0.8598958333333333 0.17546296296296296 0.046875 0.06018518518518518
0 0.26171875 0.2175925925925926 0.1984375 0.09814814814814815