0 0.40677083333333336 0.5606481481481481 0.24270833333333333 0.5916666666666667
0 0.7744791666666667 0.29768518518518516 0.13645833333333332 0.1361111111111111
0 0.41067708333333336 0.15231481481481482 0.12447916666666667 0.12129629629629629
0 0.21536458333333333 0.3263888888888889 0.2869791666666667 0.22685185185185186
0 0.3140625 0.9657407407407408 0.05625 0.06666666666666667
0 0.13385416666666666 0.4648148148148148 0.26666666666666666 0.31851851851851853
0 0.10104166666666667 0.6273148148148148 0.20208333333333334 0.325
0 0.90703125 0.3574074074074074 0.18489583333333334 0.1925925925925926
0 0.73515625 0.2074074074074074 0.07760416666666667 0.08888888888888889
0 0.45338541666666665 0.04583333333333333 0.0484375 0.03425925925925926
0 0.6005208333333333 0.07916666666666666 0.022916666666666665 0.04351851851851852
0 0.8927083333333333 0.5175925925925926 0.21354166666666666 0.2796296296296296
0 0.6106770833333334 0.08148148148148149 0.043229166666666666 0.05
0 0.7893229166666667 0.15462962962962962 0.0546875 0.06481481481481481
0 0.5481770833333334 0.050462962962962966 0.043229166666666666 0.041666666666666664
0 0.31171875 0.23333333333333334 0.0828125 0.07037037037037037
0 0.32526041666666666 0.11990740740740741 0.0421875 0.05092592592592592
0 0.7390625 0.13796296296296295 0.04791666666666667 0.06111111111111111
0 0.38203125 0.08009259259259259 0.025520833333333333 0.021296296296296296
0 0.6895833333333333 0.17037037037037037 0.071875 0.05555555555555555
0 0.28229166666666666 0.2175925925925926 0.15833333333333333 0.1
0 0.8588541666666667 0.18055555555555555 0.046875 0.06851851851851852