0 0.40729166666666666 0.5689814814814815 0.24375 0.5824074074074074
0 0.134375 0.4388888888888889 0.265625 0.2722222222222222
0 0.10130208333333333 0.6259259259259259 0.20260416666666667 0.32407407407407407
0 0.21354166666666666 0.3263888888888889 0.28541666666666665 0.22314814814814815
0 0.3140625 0.9652777777777778 0.057291666666666664 0.06759259259259259
0 0.23541666666666666 0.15185185185185185 0.03125 0.05925925925925926
0 0.3653645833333333 0.09722222222222222 0.0328125 0.03333333333333333
0 0.9072916666666667 0.35833333333333334 0.184375 0.1962962962962963
0 0.13177083333333334 0.13240740740740742 0.013541666666666667 0.04259259259259259
0 0.89375 0.5185185185185185 0.21145833333333333 0.2833333333333333
0 0.7888020833333333 0.15555555555555556 0.05677083333333333 0.06481481481481481
0 0.31614583333333335 0.2300925925925926 0.09166666666666666 0.0712962962962963
0 0.16458333333333333 0.9564814814814815 0.16875 0.08518518518518518
0 0.6028645833333334 0.07777777777777778 0.0609375 0.04814814814814815
0 0.5786458333333333 0.07175925925925926 0.013541666666666667 0.026851851851851852
0 0.7385416666666667 0.1375 0.04583333333333333 0.058333333333333334
0 0.9783854166666667 0.35694444444444445 0.0421875 0.09722222222222222
0 0.7138020833333333 0.2273148148148148 0.1203125 0.13240740740740742
0 0.7747395833333334 0.29814814814814816 0.13697916666666668 0.13703703703703704
0 0.153125 0.09953703703703703 0.021875 0.01574074074074074
0 0.6744791666666666 0.44814814814814813 0.26145833333333335 0.43333333333333335
0 0.6979166666666666 0.16712962962962963 0.08958333333333333 0.06944444444444445
0 0.6369791666666667 0.3523148148148148 0.18541666666666667 0.23981481481481481