0 0.6059895833333333 0.337037037037037 0.2140625 0.32037037037037036
0 0.46432291666666664 0.1574074074074074 0.10677083333333333 0.12962962962962962
0 0.2140625 0.3263888888888889 0.2864583333333333 0.22685185185185186
0 0.7747395833333334 0.29768518518518516 0.13697916666666668 0.13796296296296295
0 0.134375 0.4462962962962963 0.265625 0.2851851851851852
0 0.3143229166666667 0.9657407407407408 0.05677083333333333 0.06666666666666667
0 0.10104166666666667 0.6268518518518519 0.20208333333333334 0.32407407407407407
0 0.6044270833333333 0.0824074074074074 0.05677083333333333 0.05185185185185185
0 0.915625 0.35833333333333334 0.16770833333333332 0.19444444444444445
0 0.8932291666666666 0.5189814814814815 0.2125 0.2824074074074074
0 0.40677083333333336 0.5694444444444444 0.24375 0.5777777777777777
0 0.7669270833333334 0.14583333333333334 0.10885416666666667 0.08055555555555556
0 0.9786458333333333 0.35694444444444445 0.041666666666666664 0.09722222222222222
0 0.5403645833333334 0.12453703703703704 0.11822916666666666 0.11574074074074074
0 0.31640625 0.2300925925925926 0.09114583333333333 0.0712962962962963
0 0.2828125 0.21805555555555556 0.15833333333333333 0.09722222222222222