0 0.40651041666666665 0.5574074074074075 0.24322916666666666 0.5907407407407408
0 0.278125 0.125 0.11145833333333334 0.07037037037037037
0 0.7744791666666667 0.29768518518518516 0.13645833333333332 0.13796296296296295
0 0.21588541666666666 0.32546296296296295 0.2869791666666667 0.22314814814814815
0 0.3143229166666667 0.9657407407407408 0.05677083333333333 0.06666666666666667
0 0.10104166666666667 0.6259259259259259 0.20208333333333334 0.32222222222222224
0 0.13411458333333334 0.46296296296296297 0.26614583333333336 0.32222222222222224
0 0.9106770833333333 0.35462962962962963 0.17864583333333334 0.18703703703703703
0 0.13463541666666667 0.13194444444444445 0.019270833333333334 0.04351851851851852
0 0.8921875 0.5175925925925926 0.21458333333333332 0.2796296296296296
0 0.8528645833333334 0.16111111111111112 0.0234375 0.03148148148148148
0 0.6026041666666667 0.07777777777777778 0.05625 0.044444444444444446
0 0.7890625 0.1537037037037037 0.05416666666666667 0.06296296296296296