0 0.5473958333333333 0.27314814814814814 0.18854166666666666 0.24259259259259258
0 0.7744791666666667 0.29768518518518516 0.13645833333333332 0.13796296296296295
0 0.40677083333333336 0.5643518518518519 0.24270833333333333 0.5916666666666667
0 0.471875 0.14953703703703702 0.11145833333333334 0.10277777777777777
0 0.13411458333333334 0.46435185185185185 0.26614583333333336 0.3194444444444444
0 0.21536458333333333 0.3263888888888889 0.2869791666666667 0.225
0 0.10104166666666667 0.6291666666666667 0.20208333333333334 0.3287037037037037
0 0.3140625 0.9657407407407408 0.05625 0.06666666666666667
0 0.9080729166666667 0.3574074074074074 0.1828125 0.1925925925925926
0 0.8932291666666666 0.5189814814814815 0.2125 0.28055555555555556
0 0.6111979166666667 0.07916666666666666 0.044270833333333336 0.04537037037037037
0 0.31666666666666665 0.14212962962962963 0.06041666666666667 0.0712962962962963
0 0.9786458333333333 0.3560185185185185 0.041666666666666664 0.09351851851851851
0 0.7393229166666667 0.13703703703703704 0.04635416666666667 0.05925925925925926
0 0.79921875 0.1537037037037037 0.0421875 0.06111111111111111
0 0.7263020833333333 0.2263888888888889 0.0953125 0.13055555555555556
0 0.31614583333333335 0.22870370370370371 0.09166666666666666 0.07407407407407407