0 0.40677083333333336 0.5574074074074075 0.24270833333333333 0.5907407407407408
0 0.775 0.29814814814814816 0.1375 0.13703703703703704
0 0.21640625 0.324537037037037 0.2859375 0.225
0 0.21666666666666667 0.15 0.06979166666666667 0.06666666666666667
0 0.13385416666666666 0.4615740740740741 0.26666666666666666 0.3175925925925926
0 0.56953125 0.10138888888888889 0.05572916666666667 0.06018518518518518
0 0.3140625 0.9657407407407408 0.05625 0.06666666666666667
0 0.10104166666666667 0.6273148148148148 0.20208333333333334 0.325
0 0.13255208333333332 0.13287037037037036 0.015104166666666667 0.04351851851851852
0 0.9080729166666667 0.3574074074074074 0.1828125 0.1925925925925926
0 0.6111979166666667 0.08009259259259259 0.043229166666666666 0.04722222222222222
0 0.89296875 0.5180555555555556 0.21302083333333333 0.28055555555555556
0 0.51328125 0.12129629629629629 0.04010416666666667 0.05925925925925926
0 0.6877604166666667 0.16944444444444445 0.07135416666666666 0.05555555555555555
0 0.29296875 0.21666666666666667 0.1328125 0.1
0 0.3875 0.12685185185185185 0.15416666666666667 0.09259259259259259