0 0.40703125 0.5574074074074075 0.2421875 0.5925925925925926
0 0.39010416666666664 0.11388888888888889 0.10416666666666667 0.06481481481481481
0 0.7747395833333334 0.29814814814814816 0.13697916666666668 0.13703703703703704
0 0.47161458333333334 0.1337962962962963 0.09947916666666666 0.07685185185185185
0 0.13411458333333334 0.4625 0.26614583333333336 0.3194444444444444
0 0.10104166666666667 0.6263888888888889 0.20208333333333334 0.32314814814814813
0 0.3140625 0.9657407407407408 0.05625 0.06666666666666667
0 0.21458333333333332 0.324537037037037 0.28958333333333336 0.22685185185185186
0 0.5455729166666666 0.07453703703703704 0.03177083333333333 0.049074074074074076
0 0.9078125 0.35555555555555557 0.18333333333333332 0.18888888888888888
0 0.6111979166666667 0.08055555555555556 0.043229166666666666 0.05
0 0.20104166666666667 0.14629629629629629 0.10208333333333333 0.0962962962962963
0 0.7356770833333334 0.2074074074074074 0.0765625 0.08888888888888889
0 0.8932291666666666 0.5171296296296296 0.2125 0.27870370370370373
0 0.76484375 0.14722222222222223 0.1046875 0.08148148148148149
0 0.1515625 0.18009259259259258 0.042708333333333334 0.06759259259259259
0 0.1375 0.1388888888888889 0.025 0.05740740740740741
0 0.31588541666666664 0.22962962962962963 0.0921875 0.07222222222222222
0 0.7041666666666667 0.1550925925925926 0.10208333333333333 0.06574074074074074
0 0.29375 0.21666666666666667 0.13541666666666666 0.10185185185185185