0 0.6338541666666667 0.38564814814814813 0.22291666666666668 0.36944444444444446
0 0.40651041666666665 0.5648148148148148 0.24322916666666666 0.575925925925926
0 0.47161458333333334 0.16805555555555557 0.0984375 0.13055555555555556
0 0.7744791666666667 0.29814814814814816 0.13645833333333332 0.13703703703703704
0 0.21510416666666668 0.3263888888888889 0.2864583333333333 0.22685185185185186
0 0.13385416666666666 0.4388888888888889 0.26666666666666666 0.2740740740740741
0 0.10104166666666667 0.6152777777777778 0.20208333333333334 0.30277777777777776
0 0.3143229166666667 0.9652777777777778 0.0578125 0.06759259259259259
0 0.90859375 0.3574074074074074 0.1828125 0.19444444444444445
0 0.8934895833333333 0.5189814814814815 0.21197916666666666 0.2824074074074074
0 0.9786458333333333 0.35694444444444445 0.041666666666666664 0.09722222222222222