0 0.5625 0.2875 0.19895833333333332 0.2564814814814815
0 0.40677083333333336 0.5606481481481481 0.24375 0.5861111111111111
0 0.21692708333333333 0.3263888888888889 0.28489583333333335 0.225
0 0.7747395833333334 0.29768518518518516 0.13802083333333334 0.13796296296296295
0 0.10104166666666667 0.6287037037037037 0.20208333333333334 0.3296296296296296
0 0.13463541666666667 0.45925925925925926 0.26510416666666664 0.31296296296296294
0 0.4734375 0.15138888888888888 0.1125 0.10648148148148148
0 0.3140625 0.9657407407407408 0.057291666666666664 0.06666666666666667
0 0.8932291666666666 0.5180555555555556 0.2125 0.28055555555555556
0 0.6109375 0.08194444444444444 0.04375 0.05277777777777778
0 0.9091145833333333 0.3578703703703704 0.18177083333333333 0.1935185185185185
0 0.18229166666666666 0.13425925925925927 0.04583333333333333 0.07222222222222222
0 0.9786458333333333 0.35694444444444445 0.041666666666666664 0.09537037037037037
0 0.8541666666666666 0.16574074074074074 0.017708333333333333 0.040740740740740744
0 0.2828125 0.2175925925925926 0.15833333333333333 0.09814814814814815
0 0.5028645833333333 0.055092592592592596 0.044270833333333336 0.030555555555555555