0 0.4075520833333333 0.5657407407407408 0.24427083333333333 0.5814814814814815
0 0.66015625 0.4393518518518518 0.22864583333333333 0.41574074074074074
0 0.13411458333333334 0.4375 0.26614583333333336 0.2712962962962963
0 0.775 0.29768518518518516 0.1375 0.13796296296296295
0 0.10104166666666667 0.6273148148148148 0.20208333333333334 0.32685185185185184
0 0.21588541666666666 0.33796296296296297 0.2828125 0.2
0 0.3143229166666667 0.9657407407407408 0.05677083333333333 0.06666666666666667
0 0.9096354166666667 0.35833333333333334 0.1796875 0.19444444444444445
0 0.8934895833333333 0.5175925925925926 0.21197916666666666 0.2814814814814815
0 0.13177083333333334 0.13287037037037036 0.013541666666666667 0.04351851851851852
0 0.6106770833333334 0.07731481481481481 0.044270833333333336 0.04351851851851852
0 0.6255208333333333 0.10416666666666667 0.041666666666666664 0.03425925925925926
0 0.365625 0.09768518518518518 0.03229166666666667 0.032407407407407406
0 0.5786458333333333 0.07083333333333333 0.015625 0.026851851851851852
0 0.31614583333333335 0.2300925925925926 0.09166666666666666 0.06944444444444445
0 0.7893229166666667 0.1550925925925926 0.059895833333333336 0.06759259259259259
0 0.7388020833333333 0.1375 0.04635416666666667 0.06018518518518518