0 0.40703125 0.5583333333333333 0.2421875 0.5888888888888889
0 0.19140625 0.1550925925925926 0.0953125 0.06944444444444445
0 0.21744791666666666 0.3236111111111111 0.28489583333333335 0.21944444444444444
0 0.3138020833333333 0.9657407407407408 0.05572916666666667 0.06666666666666667
0 0.10104166666666667 0.6273148148148148 0.20208333333333334 0.32314814814814813
0 0.13385416666666666 0.4652777777777778 0.26666666666666666 0.32685185185185184
0 0.6111979166666667 0.08101851851851852 0.043229166666666666 0.05092592592592592
0 0.13255208333333332 0.13194444444444445 0.015104166666666667 0.04351851851851852
0 0.915625 0.3560185185185185 0.16770833333333332 0.18981481481481483
0 0.7747395833333334 0.29814814814814816 0.13697916666666668 0.13703703703703704
0 0.7348958333333333 0.20833333333333334 0.078125 0.09444444444444444
0 0.6869791666666667 0.16620370370370371 0.07083333333333333 0.06574074074074074
0 0.89296875 0.5175925925925926 0.21302083333333333 0.2796296296296296
0 0.7385416666666667 0.13796296296296295 0.04791666666666667 0.06111111111111111
0 0.2078125 0.14074074074074075 0.0625 0.046296296296296294
0 0.315625 0.23148148148148148 0.090625 0.07037037037037037