0 0.540625 0.2671296296296296 0.18333333333333332 0.24166666666666667
0 0.40703125 0.5606481481481481 0.24322916666666666 0.5916666666666667
0 0.7744791666666667 0.29814814814814816 0.13645833333333332 0.13703703703703704
0 0.10104166666666667 0.6287037037037037 0.20208333333333334 0.32592592592592595
0 0.21536458333333333 0.32592592592592595 0.28802083333333334 0.22407407407407406
0 0.46640625 0.14351851851851852 0.1296875 0.1037037037037037
0 0.3140625 0.9657407407407408 0.05625 0.06666666666666667
0 0.13385416666666666 0.46064814814814814 0.26666666666666666 0.3138888888888889
0 0.91484375 0.3578703703703704 0.16927083333333334 0.1935185185185185
0 0.89296875 0.5185185185185185 0.21302083333333333 0.2796296296296296
0 0.13489583333333333 0.13194444444444445 0.01875 0.04351851851851852
0 0.6106770833333334 0.0824074074074074 0.044270833333333336 0.05185185185185185
0 0.4197916666666667 0.08611111111111111 0.035416666666666666 0.040740740740740744
0 0.9786458333333333 0.3574074074074074 0.041666666666666664 0.0962962962962963
0 0.22838541666666667 0.1259259259259259 0.043229166666666666 0.07037037037037037
0 0.29375 0.2175925925925926 0.13645833333333332 0.09814814814814815
0 0.5033854166666667 0.05462962962962963 0.043229166666666666 0.03148148148148148