0 0.40703125 0.5587962962962963 0.24322916666666666 0.5879629629629629
0 0.4153645833333333 0.13518518518518519 0.1078125 0.07777777777777778
0 0.7747395833333334 0.29814814814814816 0.13697916666666668 0.13703703703703704
0 0.21744791666666666 0.325 0.2838541666666667 0.2222222222222222
0 0.3140625 0.9657407407407408 0.05625 0.06666666666666667
0 0.13385416666666666 0.4638888888888889 0.26666666666666666 0.32037037037037036
0 0.10104166666666667 0.6287037037037037 0.20208333333333334 0.3277777777777778
0 0.91015625 0.3560185185185185 0.1796875 0.18981481481481483
0 0.13515625 0.13240740740740742 0.019270833333333334 0.04259259259259259
0 0.8927083333333333 0.5180555555555556 0.21354166666666666 0.28055555555555556
0 0.5513020833333333 0.11527777777777778 0.0578125 0.08796296296296297
0 0.7888020833333333 0.1527777777777778 0.0578125 0.06111111111111111
0 0.3111979166666667 0.2324074074074074 0.0828125 0.07037037037037037