0 0.40703125 0.5638888888888889 0.24427083333333333 0.5851851851851851
0 0.7752604166666667 0.29768518518518516 0.13802083333333334 0.13796296296296295
0 0.6591145833333333 0.4444444444444444 0.23072916666666668 0.42407407407407405
0 0.10104166666666667 0.6277777777777778 0.20208333333333334 0.3277777777777778
0 0.13385416666666666 0.44814814814814813 0.26666666666666666 0.29814814814814816
0 0.21458333333333332 0.32546296296296295 0.28958333333333336 0.22314814814814815
0 0.3140625 0.9652777777777778 0.058333333333333334 0.06759259259259259
0 0.6104166666666667 0.08148148148148149 0.04583333333333333 0.05
0 0.13151041666666666 0.13240740740740742 0.013020833333333334 0.044444444444444446
0 0.89296875 0.5166666666666667 0.21197916666666666 0.2796296296296296
0 0.3651041666666667 0.0962962962962963 0.03333333333333333 0.03518518518518519
0 0.9072916666666667 0.35833333333333334 0.184375 0.19444444444444445
0 0.16432291666666668 0.9532407407407407 0.16927083333333334 0.09166666666666666
0 0.5794270833333334 0.07222222222222222 0.013020833333333334 0.025925925925925925