0 0.5942708333333333 0.32083333333333336 0.21145833333333333 0.30277777777777776
0 0.40677083333333336 0.5625 0.24375 0.5824074074074074
0 0.775 0.29814814814814816 0.1375 0.13703703703703704
0 0.46484375 0.15694444444444444 0.1078125 0.1287037037037037
0 0.21510416666666668 0.32685185185185184 0.2875 0.22592592592592592
0 0.3143229166666667 0.9652777777777778 0.05677083333333333 0.06759259259259259
0 0.10104166666666667 0.6277777777777778 0.20208333333333334 0.32592592592592595
0 0.134375 0.4625 0.265625 0.3175925925925926
0 0.6106770833333334 0.08148148148148149 0.044270833333333336 0.05185185185185185
0 0.8932291666666666 0.5189814814814815 0.2125 0.2824074074074074
0 0.9096354166666667 0.3578703703703704 0.18072916666666666 0.1935185185185185
0 0.18255208333333334 0.13657407407407407 0.04635416666666667 0.0787037037037037
0 0.42083333333333334 0.09074074074074075 0.0375 0.05
0 0.31614583333333335 0.22685185185185186 0.09166666666666666 0.07592592592592592
0 0.16458333333333333 0.9564814814814815 0.16770833333333332 0.08518518518518518