0 0.40677083333333336 0.5680555555555555 0.24375 0.5805555555555556
0 0.7744791666666667 0.29814814814814816 0.13645833333333332 0.13703703703703704
0 0.48723958333333334 0.22546296296296298 0.12760416666666666 0.20092592592592592
0 0.13385416666666666 0.4625 0.26666666666666666 0.3138888888888889
0 0.21510416666666668 0.32731481481481484 0.2875 0.225
0 0.10104166666666667 0.6282407407407408 0.20208333333333334 0.32685185185185184
0 0.9088541666666666 0.35833333333333334 0.18229166666666666 0.19444444444444445
0 0.89140625 0.5180555555555556 0.21614583333333334 0.27870370370370373
0 0.47552083333333334 0.14305555555555555 0.11770833333333333 0.08981481481481482
0 0.3138020833333333 0.9657407407407408 0.05677083333333333 0.06666666666666667
0 0.79765625 0.1550925925925926 0.04010416666666667 0.06388888888888888
0 0.7385416666666667 0.1375 0.04791666666666667 0.058333333333333334
0 0.7369791666666666 0.20324074074074075 0.07395833333333333 0.0824074074074074
0 0.9786458333333333 0.35694444444444445 0.041666666666666664 0.09537037037037037
0 0.2825520833333333 0.21712962962962962 0.15885416666666666 0.09907407407407408