0 0.5473958333333333 0.2726851851851852 0.18854166666666666 0.24351851851851852
0 0.7744791666666667 0.29814814814814816 0.13645833333333332 0.13703703703703704
0 0.40677083333333336 0.5643518518518519 0.24270833333333333 0.5898148148148148
0 0.215625 0.32592592592592595 0.2864583333333333 0.22407407407407406
0 0.13411458333333334 0.46435185185185185 0.26614583333333336 0.3194444444444444
0 0.471875 0.14953703703703702 0.109375 0.10277777777777777
0 0.10104166666666667 0.6287037037037037 0.20208333333333334 0.3277777777777778
0 0.3140625 0.9657407407407408 0.05625 0.06666666666666667
0 0.6111979166666667 0.08194444444444444 0.044270833333333336 0.05092592592592592
0 0.9080729166666667 0.3574074074074074 0.1828125 0.1925925925925926
0 0.89296875 0.5189814814814815 0.21302083333333333 0.28055555555555556
0 0.7677083333333333 0.1449074074074074 0.10625 0.0787037037037037
0 0.31614583333333335 0.22870370370370371 0.09166666666666666 0.07407407407407407
0 0.503125 0.055092592592592596 0.04375 0.030555555555555555