0 0.77421875 0.29768518518518516 0.1359375 0.1361111111111111
0 0.40677083333333336 0.5592592592592592 0.24270833333333333 0.5888888888888889
0 0.246875 0.1388888888888889 0.11458333333333333 0.08888888888888889
0 0.21588541666666666 0.32592592592592595 0.2869791666666667 0.22592592592592592
0 0.3140625 0.9657407407407408 0.05625 0.06666666666666667
0 0.13411458333333334 0.4634259259259259 0.26614583333333336 0.3194444444444444
0 0.10104166666666667 0.625 0.20208333333333334 0.32037037037037036
0 0.9072916666666667 0.3574074074074074 0.184375 0.1925925925925926
0 0.7348958333333333 0.20833333333333334 0.07708333333333334 0.09074074074074075
0 0.3651041666666667 0.09768518518518518 0.03229166666666667 0.032407407407407406
0 0.8924479166666667 0.5175925925925926 0.2140625 0.2796296296296296
0 0.6890625 0.16944444444444445 0.07083333333333333 0.053703703703703705
0 0.5861979166666667 0.11527777777777778 0.05364583333333333 0.06018518518518518
0 0.2828125 0.2175925925925926 0.15833333333333333 0.1