0 0.40703125 0.5597222222222222 0.24322916666666666 0.5879629629629629
0 0.4479166666666667 0.14907407407407408 0.14583333333333334 0.1111111111111111
0 0.7744791666666667 0.29814814814814816 0.13645833333333332 0.13703703703703704
0 0.21640625 0.324537037037037 0.2859375 0.22314814814814815
0 0.10104166666666667 0.6277777777777778 0.20208333333333334 0.32592592592592595
0 0.90859375 0.35648148148148145 0.1828125 0.19074074074074074
0 0.13385416666666666 0.4601851851851852 0.26666666666666666 0.3148148148148148
0 0.20234375 0.13240740740740742 0.0984375 0.1111111111111111
0 0.3651041666666667 0.1 0.03229166666666667 0.02962962962962963
0 0.8924479166666667 0.5180555555555556 0.21302083333333333 0.28055555555555556
0 0.73671875 0.20462962962962963 0.07447916666666667 0.08703703703703704
0 0.4596354166666667 0.047685185185185185 0.05677083333333333 0.03611111111111111
0 0.7880208333333333 0.1550925925925926 0.057291666666666664 0.06388888888888888
0 0.29322916666666665 0.2162037037037037 0.1375 0.10092592592592593