0 0.40677083333333336 0.5611111111111111 0.24270833333333333 0.587037037037037
0 0.440625 0.15833333333333333 0.14166666666666666 0.11851851851851852
0 0.775 0.29814814814814816 0.1375 0.13703703703703704
0 0.21744791666666666 0.325 0.2838541666666667 0.22592592592592592
0 0.3138020833333333 0.9657407407407408 0.05572916666666667 0.06666666666666667
0 0.10104166666666667 0.6259259259259259 0.20208333333333334 0.32222222222222224
0 0.13385416666666666 0.46296296296296297 0.26666666666666666 0.31666666666666665
0 0.6109375 0.08101851851851852 0.042708333333333334 0.05092592592592592
0 0.91484375 0.35833333333333334 0.16927083333333334 0.19444444444444445
0 0.14244791666666667 0.15046296296296297 0.0359375 0.0787037037037037
0 0.46640625 0.046296296296296294 0.0515625 0.03518518518518519
0 0.8825520833333333 0.5171296296296296 0.23385416666666667 0.28055555555555556
0 0.7348958333333333 0.20879629629629629 0.078125 0.09166666666666666
0 0.6893229166666667 0.17037037037037037 0.07239583333333334 0.05740740740740741
0 0.87734375 0.19814814814814816 0.011979166666666667 0.040740740740740744
0 0.31171875 0.23194444444444445 0.0828125 0.0712962962962963
0 0.7380208333333333 0.1375 0.04791666666666667 0.06018518518518518
0 0.3645833333333333 0.09722222222222222 0.030208333333333334 0.03333333333333333
0 0.34609375 0.06527777777777778 0.027604166666666666 0.03981481481481482
0 0.7973958333333333 0.15555555555555556 0.03958333333333333 0.06481481481481481