0 0.40703125 0.5564814814814815 0.2421875 0.5907407407407408
0 0.7747395833333334 0.29814814814814816 0.13697916666666668 0.13703703703703704
0 0.43776041666666665 0.16944444444444445 0.12447916666666667 0.11851851851851852
0 0.21848958333333332 0.32592592592592595 0.28177083333333336 0.2222222222222222
0 0.13385416666666666 0.462037037037037 0.26666666666666666 0.31666666666666665
0 0.3143229166666667 0.9657407407407408 0.05677083333333333 0.06666666666666667
0 0.10104166666666667 0.6273148148148148 0.20208333333333334 0.325
0 0.7346354166666667 0.20787037037037037 0.07864583333333333 0.09166666666666666
0 0.9091145833333333 0.35833333333333334 0.18072916666666666 0.19444444444444445
0 0.8893229166666666 0.5171296296296296 0.2203125 0.27870370370370373
0 0.45625 0.11851851851851852 0.153125 0.10925925925925926
0 0.49921875 0.053703703703703705 0.0234375 0.027777777777777776
0 0.6098958333333333 0.07962962962962963 0.041666666666666664 0.04814814814814815
0 0.2830729166666667 0.21805555555555556 0.15677083333333333 0.09537037037037037