0 0.40703125 0.5587962962962963 0.2421875 0.5898148148148148
0 0.5026041666666666 0.23564814814814813 0.140625 0.20277777777777778
0 0.7747395833333334 0.29814814814814816 0.13697916666666668 0.13703703703703704
0 0.21614583333333334 0.32592592592592595 0.28541666666666665 0.22592592592592592
0 0.13411458333333334 0.4615740740740741 0.26614583333333336 0.3175925925925926
0 0.10104166666666667 0.6273148148148148 0.20208333333333334 0.325
0 0.3138020833333333 0.9657407407407408 0.05677083333333333 0.06666666666666667
0 0.475 0.1476851851851852 0.11770833333333333 0.09907407407407408
0 0.91484375 0.35694444444444445 0.16927083333333334 0.19166666666666668
0 0.8830729166666667 0.5180555555555556 0.23177083333333334 0.28055555555555556
0 0.7361979166666667 0.2074074074074074 0.0765625 0.09074074074074075
0 0.22864583333333333 0.12638888888888888 0.04375 0.06759259259259259
0 0.9786458333333333 0.35694444444444445 0.041666666666666664 0.09537037037037037
0 0.6106770833333334 0.0824074074074074 0.044270833333333336 0.05