0 0.40677083333333336 0.5583333333333333 0.24270833333333333 0.5907407407407408
0 0.7747395833333334 0.29814814814814816 0.13697916666666668 0.13703703703703704
0 0.1875 0.16574074074074074 0.08645833333333333 0.07962962962962963
0 0.3138020833333333 0.9657407407407408 0.05572916666666667 0.06666666666666667
0 0.21692708333333333 0.32546296296296295 0.2838541666666667 0.225
0 0.7934895833333333 0.1550925925925926 0.04635416666666667 0.06388888888888888
0 0.10104166666666667 0.6189814814814815 0.20208333333333334 0.30833333333333335
0 0.9127604166666666 0.3574074074074074 0.1734375 0.1925925925925926
0 0.13385416666666666 0.4634259259259259 0.26666666666666666 0.3212962962962963
0 0.73515625 0.2074074074074074 0.07864583333333333 0.09259259259259259
0 0.134375 0.13287037037037036 0.017708333333333333 0.04351851851851852
0 0.6106770833333334 0.08101851851851852 0.043229166666666666 0.049074074074074076
0 0.4671875 0.1574074074074074 0.042708333333333334 0.06666666666666667
0 0.8932291666666666 0.5171296296296296 0.2125 0.27870370370370373
0 0.5765625 0.07268518518518519 0.016666666666666666 0.030555555555555555
0 0.6807291666666667 0.12407407407407407 0.042708333333333334 0.05555555555555555
0 0.38333333333333336 0.1162037037037037 0.16770833333333332 0.11203703703703703