0 0.384375 0.11712962962962963 0.10625 0.06759259259259259
0 0.40651041666666665 0.5583333333333333 0.24322916666666666 0.5888888888888889
0 0.7744791666666667 0.29814814814814816 0.13645833333333332 0.13703703703703704
0 0.21822916666666667 0.325 0.28229166666666666 0.22407407407407406
0 0.3143229166666667 0.9657407407407408 0.05677083333333333 0.06666666666666667
0 0.10104166666666667 0.6259259259259259 0.20208333333333334 0.32222222222222224
0 0.60625 0.1175925925925926 0.11666666666666667 0.08888888888888889
0 0.13411458333333334 0.4625 0.26614583333333336 0.3194444444444444
0 0.9088541666666666 0.35462962962962963 0.18229166666666666 0.18703703703703703
0 0.3046875 0.12361111111111112 0.04375 0.09537037037037037
0 0.13489583333333333 0.13194444444444445 0.019791666666666666 0.04351851851851852
0 0.4828125 0.10694444444444444 0.041666666666666664 0.05092592592592592
0 0.8924479166666667 0.5175925925925926 0.2140625 0.2796296296296296
0 0.7666666666666667 0.14629629629629629 0.10416666666666667 0.07962962962962963
0 0.85390625 0.2023148148148148 0.05260416666666667 0.03981481481481482
0 0.29322916666666665 0.2152777777777778 0.13645833333333332 0.10092592592592593