0 0.4005208333333333 0.13240740740740742 0.12083333333333333 0.07962962962962963
0 0.40729166666666666 0.5671296296296297 0.24270833333333333 0.5805555555555556
0 0.775 0.29768518518518516 0.1375 0.13796296296296295
0 0.13463541666666667 0.44305555555555554 0.26614583333333336 0.27685185185185185
0 0.10104166666666667 0.6263888888888889 0.20208333333333334 0.32314814814814813
0 0.21328125 0.3277777777777778 0.2869791666666667 0.2222222222222222
0 0.3143229166666667 0.9652777777777778 0.0578125 0.06759259259259259
0 0.23802083333333332 0.14583333333333334 0.10208333333333333 0.07685185185185185
0 0.915625 0.3574074074074074 0.16770833333333332 0.19444444444444445
0 0.6028645833333334 0.08009259259259259 0.059895833333333336 0.05277777777777778
0 0.14244791666666667 0.16620370370370371 0.034895833333333334 0.06018518518518518
0 0.44140625 0.05092592592592592 0.059895833333333336 0.03148148148148148
0 0.89375 0.5189814814814815 0.21145833333333333 0.2824074074074074
0 0.6986979166666667 0.16435185185185186 0.09010416666666667 0.06388888888888888
0 0.16458333333333333 0.9564814814814815 0.16875 0.08518518518518518
0 0.31536458333333334 0.23055555555555557 0.0921875 0.07037037037037037
0 0.7140625 0.2273148148148148 0.11979166666666667 0.13425925925925927
0 0.13151041666666666 0.125 0.0140625 0.027777777777777776
0 0.6869791666666667 0.5351851851851852 0.178125 0.27037037037037037
0 0.6372395833333333 0.35509259259259257 0.1859375 0.24537037037037038
0 0.7354166666666667 0.13796296296296295 0.052083333333333336 0.05925925925925926
0 0.6596354166666667 0.45092592592592595 0.23177083333333334 0.43703703703703706
0 0.7895833333333333 0.15601851851851853 0.058333333333333334 0.06574074074074074
0 0.2825520833333333 0.21666666666666667 0.1578125 0.1