0 0.40651041666666665 0.5583333333333333 0.2421875 0.587037037037037
0 0.7747395833333334 0.29768518518518516 0.13697916666666668 0.1361111111111111
0 0.21640625 0.324537037037037 0.28489583333333335 0.22685185185185186
0 0.5450520833333333 0.1439814814814815 0.10677083333333333 0.07685185185185185
0 0.10104166666666667 0.6277777777777778 0.20208333333333334 0.32592592592592595
0 0.3143229166666667 0.9657407407407408 0.05677083333333333 0.06666666666666667
0 0.13385416666666666 0.46111111111111114 0.26666666666666666 0.32592592592592595
0 0.9072916666666667 0.3578703703703704 0.184375 0.1935185185185185
0 0.7346354166666667 0.20787037037037037 0.07760416666666667 0.09166666666666666
0 0.13203125 0.13240740740740742 0.013020833333333334 0.04259259259259259
0 0.22760416666666666 0.1300925925925926 0.03229166666666667 0.05648148148148148
0 0.89296875 0.5166666666666667 0.21302083333333333 0.2777777777777778
0 0.2916666666666667 0.11990740740740741 0.16041666666666668 0.10277777777777777
0 0.5747395833333333 0.12222222222222222 0.1140625 0.10925925925925926
0 0.7395833333333334 0.13796296296296295 0.04791666666666667 0.06111111111111111
0 0.78984375 0.1537037037037037 0.0578125 0.06296296296296296
0 0.35494791666666664 0.09305555555555556 0.05364583333333333 0.04537037037037037