0 0.40729166666666666 0.562962962962963 0.24375 0.5851851851851851
0 0.6536458333333334 0.44166666666666665 0.24166666666666667 0.4185185185185185
0 0.7752604166666667 0.29814814814814816 0.13802083333333334 0.1388888888888889
0 0.10104166666666667 0.6277777777777778 0.20208333333333334 0.3277777777777778
0 0.13411458333333334 0.43703703703703706 0.26614583333333336 0.26851851851851855
0 0.21510416666666668 0.3287037037037037 0.28541666666666665 0.22777777777777777
0 0.9151041666666667 0.3578703703703704 0.16875 0.19722222222222222
0 0.3138020833333333 0.9657407407407408 0.05677083333333333 0.06666666666666667
0 0.8932291666666666 0.5171296296296296 0.2125 0.28055555555555556
0 0.13203125 0.13287037037037036 0.0140625 0.04351851851851852
0 0.6104166666666667 0.08101851851851852 0.04479166666666667 0.05092592592592592
0 0.16458333333333333 0.9564814814814815 0.16875 0.08518518518518518
0 0.5802083333333333 0.12824074074074074 0.035416666666666666 0.05092592592592592
0 0.7903645833333334 0.15555555555555556 0.05677083333333333 0.06481481481481481
0 0.5794270833333334 0.0712962962962963 0.015104166666666667 0.027777777777777776