0 0.6190104166666667 0.35 0.22552083333333334 0.3351851851851852
0 0.40677083333333336 0.5634259259259259 0.24375 0.5805555555555556
0 0.7744791666666667 0.29768518518518516 0.13645833333333332 0.13796296296296295
0 0.21640625 0.324537037037037 0.2859375 0.2212962962962963
0 0.10104166666666667 0.6268518518518519 0.20208333333333334 0.32407407407407407
0 0.909375 0.3578703703703704 0.18020833333333333 0.1935185185185185
0 0.3138020833333333 0.9652777777777778 0.05677083333333333 0.06759259259259259
0 0.13307291666666668 0.14305555555555555 0.018229166666666668 0.06574074074074074
0 0.6026041666666667 0.07962962962962963 0.06041666666666667 0.05555555555555555
0 0.3651041666666667 0.09537037037037037 0.03333333333333333 0.037037037037037035
0 0.7895833333333333 0.15601851851851853 0.05416666666666667 0.06574074074074074
0 0.89296875 0.5175925925925926 0.21302083333333333 0.2796296296296296
0 0.13385416666666666 0.43796296296296294 0.26666666666666666 0.2722222222222222
0 0.8513020833333333 0.16574074074074074 0.0234375 0.03888888888888889
0 0.3151041666666667 0.2310185185185185 0.08958333333333333 0.06944444444444445
0 0.73828125 0.13703703703703704 0.044270833333333336 0.05925925925925926
0 0.5440104166666667 0.05 0.03697916666666667 0.040740740740740744
0 0.7143229166666667 0.22685185185185186 0.1203125 0.13703703703703704
0 0.25677083333333334 0.21805555555555556 0.20833333333333334 0.10092592592592593