0 0.4075520833333333 0.5685185185185185 0.24427083333333333 0.575925925925926
0 0.13411458333333334 0.4398148148148148 0.2671875 0.2722222222222222
0 0.215625 0.34074074074074073 0.28125 0.1962962962962963
0 0.10130208333333333 0.625462962962963 0.20260416666666667 0.32314814814814813
0 0.3138020833333333 0.9652777777777778 0.05677083333333333 0.06759259259259259
0 0.7747395833333334 0.29768518518518516 0.13697916666666668 0.13796296296296295
0 0.8940104166666667 0.5194444444444445 0.2109375 0.2833333333333333
0 0.63984375 0.39861111111111114 0.1828125 0.33240740740740743
0 0.13255208333333332 0.13194444444444445 0.016145833333333335 0.04351851851851852
0 0.9072916666666667 0.35833333333333334 0.184375 0.1962962962962963
0 0.3651041666666667 0.09675925925925925 0.03333333333333333 0.03425925925925926
0 0.6997395833333333 0.5305555555555556 0.21822916666666667 0.26481481481481484
0 0.78984375 0.15601851851851853 0.0609375 0.06574074074074074
0 0.71484375 0.22916666666666666 0.12135416666666667 0.1361111111111111
0 0.125 0.950462962962963 0.24895833333333334 0.09722222222222222
0 0.7390625 0.1375 0.04583333333333333 0.06018518518518518
0 0.6028645833333334 0.0837962962962963 0.06197916666666667 0.05648148148148148