0 0.40729166666666666 0.5680555555555555 0.24375 0.575
0 0.34296875 0.1337962962962963 0.11822916666666666 0.0787037037037037
0 0.13385416666666666 0.4398148148148148 0.26666666666666666 0.2722222222222222
0 0.7747395833333334 0.29768518518518516 0.13697916666666668 0.13796296296296295
0 0.21692708333333333 0.3416666666666667 0.28177083333333336 0.19444444444444445
0 0.3138020833333333 0.9657407407407408 0.0578125 0.06666666666666667
0 0.10104166666666667 0.6259259259259259 0.20208333333333334 0.32592592592592595
0 0.13515625 0.13240740740740742 0.0203125 0.044444444444444446
0 0.89375 0.5106481481481482 0.21145833333333333 0.2657407407407407
0 0.90703125 0.3578703703703704 0.18489583333333334 0.1935185185185185
0 0.6989583333333333 0.16435185185185186 0.09166666666666666 0.06388888888888888
0 0.6817708333333333 0.45092592592592595 0.2760416666666667 0.43703703703703706
0 0.16484375 0.9564814814814815 0.16927083333333334 0.08518518518518518
0 0.7151041666666667 0.22777777777777777 0.12291666666666666 0.13518518518518519
0 0.60234375 0.08055555555555556 0.0609375 0.05185185185185185