0 0.40677083333333336 0.5643518518518519 0.24270833333333333 0.5879629629629629
0 0.7747395833333334 0.29814814814814816 0.13697916666666668 0.13703703703703704
0 0.13385416666666666 0.4625 0.26666666666666666 0.3138888888888889
0 0.21484375 0.32685185185185184 0.28802083333333334 0.22407407407407406
0 0.10104166666666667 0.6287037037037037 0.20208333333333334 0.3277777777777778
0 0.46953125 0.15 0.10364583333333334 0.1037037037037037
0 0.3140625 0.9657407407407408 0.05625 0.06666666666666667
0 0.5473958333333333 0.2708333333333333 0.18854166666666666 0.24537037037037038
0 0.91484375 0.3578703703703704 0.16927083333333334 0.1935185185185185
0 0.6111979166666667 0.08148148148148149 0.043229166666666666 0.05185185185185185
0 0.8932291666666666 0.5194444444444445 0.2125 0.2814814814814815
0 0.7364583333333333 0.2064814814814815 0.07708333333333334 0.08888888888888889
0 0.9786458333333333 0.35648148148148145 0.041666666666666664 0.09444444444444444
0 0.6942708333333333 0.16527777777777777 0.07395833333333333 0.05648148148148148
0 0.7393229166666667 0.1375 0.04635416666666667 0.06018518518518518
0 0.31640625 0.22824074074074074 0.09114583333333333 0.075
0 0.7997395833333333 0.15416666666666667 0.0421875 0.06018518518518518