0 0.40677083333333336 0.5592592592592592 0.24270833333333333 0.5907407407407408
0 0.17578125 0.14305555555555555 0.08489583333333334 0.06759259259259259
0 0.7744791666666667 0.29814814814814816 0.13645833333333332 0.13703703703703704
0 0.21588541666666666 0.3263888888888889 0.2859375 0.22314814814814815
0 0.3140625 0.9657407407407408 0.05625 0.06666666666666667
0 0.10104166666666667 0.6231481481481481 0.20208333333333334 0.31666666666666665
0 0.13411458333333334 0.4638888888888889 0.26614583333333336 0.32037037037037036
0 0.9109375 0.35509259259259257 0.178125 0.18796296296296297
0 0.8932291666666666 0.5162037037037037 0.2125 0.27685185185185185
0 0.7359375 0.2050925925925926 0.07604166666666666 0.08981481481481482
0 0.34921875 0.10740740740740741 0.034895833333333334 0.08888888888888889
0 0.7888020833333333 0.1550925925925926 0.05677083333333333 0.06574074074074074
0 0.8559895833333333 0.19583333333333333 0.0546875 0.06018518518518518
0 0.6875 0.1550925925925926 0.06666666666666667 0.0712962962962963
0 0.29322916666666665 0.2175925925925926 0.13645833333333332 0.0962962962962963