0 0.40677083333333336 0.5657407407407408 0.24375 0.5814814814814815
0 0.7747395833333334 0.29814814814814816 0.13697916666666668 0.1388888888888889
0 0.6598958333333333 0.44351851851851853 0.23229166666666667 0.42407407407407405
0 0.21692708333333333 0.32731481481481484 0.2828125 0.225
0 0.134375 0.4388888888888889 0.265625 0.2722222222222222
0 0.10104166666666667 0.625462962962963 0.20208333333333334 0.32314814814814813
0 0.3140625 0.9657407407407408 0.057291666666666664 0.06666666666666667
0 0.8934895833333333 0.5185185185185185 0.21197916666666666 0.2814814814814815
0 0.9138020833333333 0.35833333333333334 0.17135416666666667 0.1962962962962963
0 0.3653645833333333 0.09675925925925925 0.0328125 0.03425925925925926
0 0.603125 0.08101851851851852 0.06041666666666667 0.05092592592592592
0 0.7369791666666666 0.20185185185185187 0.075 0.08518518518518518
0 0.16458333333333333 0.9560185185185185 0.16875 0.08611111111111111
0 0.78984375 0.15601851851851853 0.0578125 0.06759259259259259
0 0.7393229166666667 0.13796296296296295 0.0453125 0.05925925925925926