0 0.4005208333333333 0.13240740740740742 0.12083333333333333 0.07962962962962963
0 0.6502604166666667 0.449537037037037 0.2515625 0.4361111111111111
0 0.21953125 0.14583333333333334 0.06510416666666667 0.07685185185185185
0 0.7744791666666667 0.29814814814814816 0.13645833333333332 0.1388888888888889
0 0.40598958333333335 0.5675925925925925 0.24114583333333334 0.5814814814814815
0 0.134375 0.44027777777777777 0.265625 0.26944444444444443
0 0.10130208333333333 0.6268518518518519 0.20260416666666667 0.32407407407407407
0 0.3145833333333333 0.9652777777777778 0.057291666666666664 0.06759259259259259
0 0.14244791666666667 0.16620370370370371 0.034895833333333334 0.06018518518518518
0 0.21328125 0.33611111111111114 0.2859375 0.20555555555555555
0 0.44192708333333336 0.05138888888888889 0.058854166666666666 0.030555555555555555
0 0.9075520833333334 0.35833333333333334 0.18385416666666668 0.1962962962962963
0 0.8934895833333333 0.5199074074074074 0.21197916666666666 0.28425925925925927
0 0.6020833333333333 0.08009259259259259 0.06041666666666667 0.05277777777777778
0 0.16458333333333333 0.9569444444444445 0.16875 0.08425925925925926
0 0.6984375 0.16435185185185186 0.08958333333333333 0.06388888888888888
0 0.5463541666666667 0.1375 0.046875 0.08425925925925926
0 0.31588541666666664 0.23055555555555557 0.0921875 0.07037037037037037
0 0.13151041666666666 0.12453703703703704 0.0140625 0.028703703703703703
0 0.7890625 0.15555555555555556 0.06041666666666667 0.06666666666666667
0 0.7143229166666667 0.22916666666666666 0.1203125 0.13796296296296295
0 0.7377604166666667 0.13796296296296295 0.049479166666666664 0.05925925925925926
0 0.2828125 0.21666666666666667 0.15833333333333333 0.1
0 0.8609375 0.17592592592592593 0.04583333333333333 0.06111111111111111