0 0.40677083333333336 0.5583333333333333 0.24270833333333333 0.5907407407407408
0 0.7747395833333334 0.29814814814814816 0.13697916666666668 0.13703703703703704
0 0.3138020833333333 0.9657407407407408 0.05572916666666667 0.06666666666666667
0 0.134375 0.46435185185185185 0.265625 0.32314814814814813
0 0.21744791666666666 0.32407407407407407 0.2838541666666667 0.22592592592592592
0 0.10104166666666667 0.625 0.20208333333333334 0.32037037037037036
0 0.6111979166666667 0.08148148148148149 0.043229166666666666 0.05
0 0.91484375 0.35648148148148145 0.16927083333333334 0.19074074074074074
0 0.7348958333333333 0.20787037037037037 0.078125 0.09166666666666666
0 0.89296875 0.5171296296296296 0.21302083333333333 0.27870370370370373
0 0.3651041666666667 0.09814814814814815 0.03229166666666667 0.03148148148148148
0 0.13255208333333332 0.13240740740740742 0.015104166666666667 0.044444444444444446
0 0.7385416666666667 0.13796296296296295 0.04791666666666667 0.06111111111111111
0 0.34661458333333334 0.06574074074074074 0.028645833333333332 0.04259259259259259
0 0.7973958333333333 0.1550925925925926 0.03854166666666667 0.06388888888888888
0 0.6880208333333333 0.19074074074074074 0.071875 0.09259259259259259
0 0.29401041666666666 0.2162037037037037 0.1359375 0.10092592592592593
0 0.5684895833333333 0.06944444444444445 0.03802083333333333 0.040740740740740744