0 0.40729166666666666 0.5675925925925925 0.24375 0.5796296296296296
0 0.2721354166666667 0.1486111111111111 0.12552083333333333 0.09722222222222222
0 0.10104166666666667 0.6277777777777778 0.20208333333333334 0.3277777777777778
0 0.7752604166666667 0.29814814814814816 0.13802083333333334 0.1388888888888889
0 0.21276041666666667 0.3282407407407407 0.28802083333333334 0.22314814814814815
0 0.3140625 0.9652777777777778 0.057291666666666664 0.06759259259259259
0 0.8973958333333333 0.5083333333333333 0.20416666666666666 0.2611111111111111
0 0.5747395833333333 0.1486111111111111 0.05364583333333333 0.075
0 0.6106770833333334 0.08055555555555556 0.0453125 0.05185185185185185
0 0.9151041666666667 0.3574074074074074 0.16875 0.1962962962962963
0 0.6760416666666667 0.44722222222222224 0.2989583333333333 0.42962962962962964
0 0.13515625 0.13240740740740742 0.0203125 0.044444444444444446
0 0.3651041666666667 0.09305555555555556 0.034375 0.041666666666666664
0 0.9783854166666667 0.35694444444444445 0.0421875 0.09907407407407408
0 0.1640625 0.9560185185185185 0.16875 0.08611111111111111
0 0.7395833333333334 0.1375 0.046875 0.06018518518518518
0 0.13463541666666667 0.4388888888888889 0.26614583333333336 0.26851851851851855
0 0.58046875 0.06666666666666667 0.015104166666666667 0.027777777777777776
0 0.7143229166666667 0.225 0.1203125 0.13333333333333333
0 0.29401041666666666 0.21666666666666667 0.13489583333333333 0.10185185185185185
0 0.7888020833333333 0.15555555555555556 0.058854166666666666 0.06666666666666667