0 0.40677083333333336 0.5550925925925926 0.24270833333333333 0.5842592592592593
0 0.7747395833333334 0.2986111111111111 0.13697916666666668 0.13796296296296295
0 0.40234375 0.14537037037037037 0.1421875 0.10740740740740741
0 0.15677083333333333 0.13935185185185187 0.06354166666666666 0.0712962962962963
0 0.45729166666666665 0.11435185185185186 0.07916666666666666 0.06574074074074074
0 0.13385416666666666 0.46111111111111114 0.26666666666666666 0.31666666666666665
0 0.10104166666666667 0.6231481481481481 0.20208333333333334 0.31851851851851853
0 0.21614583333333334 0.32407407407407407 0.28541666666666665 0.22037037037037038
0 0.9153645833333334 0.35694444444444445 0.16822916666666668 0.19166666666666668
0 0.3125 0.9657407407407408 0.053125 0.06666666666666667
0 0.7346354166666667 0.20787037037037037 0.0796875 0.09351851851851851
0 0.8828125 0.5171296296296296 0.23333333333333334 0.28055555555555556
0 0.73828125 0.1361111111111111 0.0453125 0.05740740740740741
0 0.24088541666666666 0.11296296296296296 0.018229166666666668 0.04259259259259259
0 0.80703125 0.1763888888888889 0.10572916666666667 0.10648148148148148
0 0.60234375 0.08055555555555556 0.058854166666666666 0.05
0 0.29270833333333335 0.2162037037037037 0.13645833333333332 0.09907407407407408