0 0.40729166666666666 0.5694444444444444 0.24375 0.5777777777777777
0 0.13385416666666666 0.44027777777777777 0.26666666666666666 0.27314814814814814
0 0.21588541666666666 0.33935185185185185 0.28177083333333336 0.19907407407407407
0 0.10104166666666667 0.625462962962963 0.20208333333333334 0.32314814814814813
0 0.3138020833333333 0.9652777777777778 0.05677083333333333 0.06759259259259259
0 0.8940104166666667 0.5194444444444445 0.2109375 0.2833333333333333
0 0.7747395833333334 0.29768518518518516 0.13697916666666668 0.13796296296296295
0 0.9075520833333334 0.35833333333333334 0.18385416666666668 0.1962962962962963
0 0.3653645833333333 0.09675925925925925 0.0328125 0.03425925925925926
0 0.6997395833333333 0.5328703703703703 0.2171875 0.2712962962962963
0 0.6375 0.39861111111111114 0.18645833333333334 0.33240740740740743
0 0.7145833333333333 0.22962962962962963 0.121875 0.13703703703703704
0 0.31640625 0.23148148148148148 0.09114583333333333 0.06851851851851852
0 0.6919270833333333 0.16527777777777777 0.07864583333333333 0.07314814814814814
0 0.57890625 0.07175925925925926 0.0140625 0.026851851851851852
0 0.7901041666666667 0.15555555555555556 0.06041666666666667 0.06666666666666667
0 0.16432291666666668 0.9564814814814815 0.16822916666666668 0.08518518518518518
0 0.7380208333333333 0.1375 0.046875 0.06018518518518518
0 0.6026041666666667 0.07962962962962963 0.06145833333333333 0.04814814814814815