0 0.5721354166666667 0.2962962962962963 0.2046875 0.26851851851851855
0 0.40677083333333336 0.5601851851851852 0.24375 0.5851851851851851
0 0.775 0.2972222222222222 0.1375 0.1388888888888889
0 0.21666666666666667 0.3263888888888889 0.28541666666666665 0.225
0 0.13463541666666667 0.46064814814814814 0.26510416666666664 0.3175925925925926
0 0.10104166666666667 0.6296296296296297 0.20208333333333334 0.3314814814814815
0 0.3138020833333333 0.9657407407407408 0.05677083333333333 0.06666666666666667
0 0.4744791666666667 0.15694444444444444 0.11458333333333333 0.1175925925925926
0 0.8932291666666666 0.5180555555555556 0.2125 0.28055555555555556
0 0.6109375 0.0824074074074074 0.04375 0.05185185185185185
0 0.909375 0.3578703703703704 0.18125 0.1935185185185185
0 0.18203125 0.13564814814814816 0.04635416666666667 0.075
0 0.85390625 0.16527777777777777 0.018229166666666668 0.03981481481481482
0 0.12734375 0.8856481481481482 0.25364583333333335 0.22685185185185186
0 0.5044270833333333 0.055092592592592596 0.04739583333333333 0.030555555555555555
0 0.2825520833333333 0.21666666666666667 0.15885416666666666 0.09814814814814815