0 0.4005208333333333 0.13194444444444445 0.12083333333333333 0.08055555555555556
0 0.13463541666666667 0.4398148148148148 0.26510416666666664 0.27037037037037037
0 0.7744791666666667 0.29768518518518516 0.13645833333333332 0.13796296296296295
0 0.40651041666666665 0.5680555555555555 0.24322916666666666 0.5805555555555556
0 0.10104166666666667 0.6259259259259259 0.20208333333333334 0.32222222222222224
0 0.3140625 0.9652777777777778 0.057291666666666664 0.06759259259259259
0 0.23802083333333332 0.14583333333333334 0.10208333333333333 0.07685185185185185
0 0.21458333333333332 0.32685185185185184 0.2833333333333333 0.2222222222222222
0 0.66015625 0.45092592592592595 0.2296875 0.4388888888888889
0 0.4473958333333333 0.05138888888888889 0.04791666666666667 0.030555555555555555
0 0.14244791666666667 0.16620370370370371 0.034895833333333334 0.06018518518518518
0 0.60234375 0.08148148148148149 0.059895833333333336 0.05
0 0.9151041666666667 0.35833333333333334 0.16875 0.1962962962962963
0 0.89375 0.5189814814814815 0.21145833333333333 0.2824074074074074
0 0.57890625 0.07083333333333333 0.0140625 0.026851851851851852
0 0.16432291666666668 0.9564814814814815 0.16927083333333334 0.08518518518518518
0 0.6989583333333333 0.16342592592592592 0.090625 0.062037037037037036
0 0.7895833333333333 0.15601851851851853 0.059375 0.06574074074074074
0 0.315625 0.2300925925925926 0.09166666666666666 0.0712962962962963
0 0.7375 0.13796296296296295 0.052083333333333336 0.05925925925925926
0 0.13177083333333334 0.12453703703703704 0.013541666666666667 0.026851851851851852
0 0.7138020833333333 0.2300925925925926 0.1203125 0.13796296296296295
0 0.6841145833333333 0.5361111111111111 0.1828125 0.2722222222222222
0 0.2828125 0.21666666666666667 0.15833333333333333 0.1