0 0.5471354166666667 0.27314814814814814 0.18802083333333333 0.24259259259259258
0 0.7744791666666667 0.29814814814814816 0.13645833333333332 0.13703703703703704
0 0.40677083333333336 0.562037037037037 0.24270833333333333 0.5888888888888889
0 0.46458333333333335 0.14444444444444443 0.125 0.1037037037037037
0 0.13385416666666666 0.4638888888888889 0.26666666666666666 0.31851851851851853
0 0.2171875 0.32685185185185184 0.2833333333333333 0.22407407407407406
0 0.3143229166666667 0.9657407407407408 0.05572916666666667 0.06666666666666667
0 0.10104166666666667 0.6282407407407408 0.20208333333333334 0.32685185185185184
0 0.91015625 0.3578703703703704 0.1796875 0.1935185185185185
0 0.6109375 0.08194444444444444 0.04375 0.05092592592592592
0 0.7359375 0.2064814814814815 0.07604166666666666 0.09074074074074075
0 0.13333333333333333 0.13240740740740742 0.015625 0.04259259259259259
0 0.8924479166666667 0.5185185185185185 0.2140625 0.2796296296296296
0 0.7677083333333333 0.14629629629629629 0.10520833333333333 0.07962962962962963
0 0.5817708333333333 0.10092592592592593 0.040625 0.04259259259259259
0 0.4200520833333333 0.08518518518518518 0.0359375 0.037037037037037035
0 0.9783854166666667 0.35694444444444445 0.0421875 0.09537037037037037
0 0.6942708333333333 0.16666666666666666 0.07291666666666667 0.05740740740740741
0 0.79921875 0.15416666666666667 0.0421875 0.06018518518518518
0 0.7393229166666667 0.1375 0.04635416666666667 0.058333333333333334
0 0.31640625 0.22870370370370371 0.09114583333333333 0.07222222222222222
0 0.3177083333333333 0.14907407407407408 0.059375 0.053703703703703705
0 0.2916666666666667 0.21712962962962962 0.13229166666666667 0.09722222222222222