0 0.40703125 0.562962962962963 0.24427083333333333 0.5851851851851851
0 0.775 0.29768518518518516 0.1375 0.13796296296296295
0 0.6591145833333333 0.4449074074074074 0.23072916666666668 0.42685185185185187
0 0.3140625 0.9652777777777778 0.058333333333333334 0.06759259259259259
0 0.10104166666666667 0.6287037037037037 0.20208333333333334 0.3296296296296296
0 0.13411458333333334 0.44537037037037036 0.26614583333333336 0.28888888888888886
0 0.21432291666666667 0.32592592592592595 0.2890625 0.22407407407407406
0 0.6109375 0.08148148148148149 0.04479166666666667 0.05
0 0.15859375 0.14675925925925926 0.06822916666666666 0.09722222222222222
0 0.9072916666666667 0.3574074074074074 0.184375 0.1925925925925926
0 0.3651041666666667 0.0962962962962963 0.03333333333333333 0.03518518518518519
0 0.16432291666666668 0.9532407407407407 0.16927083333333334 0.09166666666666666
0 0.13177083333333334 0.12453703703703704 0.015625 0.028703703703703703
0 0.8932291666666666 0.5171296296296296 0.2125 0.28055555555555556
0 0.5791666666666667 0.0712962962962963 0.013541666666666667 0.027777777777777776