0 0.62578125 0.37222222222222223 0.21927083333333333 0.3574074074074074
0 0.40677083333333336 0.5652777777777778 0.24375 0.5787037037037037
0 0.21354166666666666 0.3263888888888889 0.2875 0.22685185185185186
0 0.13411458333333334 0.4398148148148148 0.26614583333333336 0.2740740740740741
0 0.7747395833333334 0.29814814814814816 0.13697916666666668 0.13703703703703704
0 0.10104166666666667 0.6166666666666667 0.20208333333333334 0.3055555555555556
0 0.47213541666666664 0.1675925925925926 0.09947916666666666 0.13148148148148148
0 0.31484375 0.9657407407407408 0.058854166666666666 0.06666666666666667
0 0.9096354166666667 0.35833333333333334 0.18072916666666666 0.19444444444444445
0 0.31614583333333335 0.23055555555555557 0.09166666666666666 0.07037037037037037
0 0.7145833333333333 0.22962962962962963 0.12083333333333333 0.13703703703703704
0 0.3802083333333333 0.11666666666666667 0.12291666666666666 0.1037037037037037
0 0.8911458333333333 0.5175925925925926 0.20833333333333334 0.2814814814814815