0 0.40677083333333336 0.5587962962962963 0.24270833333333333 0.5898148148148148
0 0.7747395833333334 0.29814814814814816 0.13697916666666668 0.13703703703703704
0 0.134375 0.4638888888888889 0.265625 0.32407407407407407
0 0.3138020833333333 0.9657407407407408 0.05572916666666667 0.06666666666666667
0 0.10104166666666667 0.625 0.20208333333333334 0.32037037037037036
0 0.21666666666666667 0.32407407407407407 0.28541666666666665 0.22592592592592592
0 0.6111979166666667 0.08194444444444444 0.043229166666666666 0.05092592592592592
0 0.91484375 0.35648148148148145 0.16927083333333334 0.19074074074074074
0 0.13984375 0.16944444444444445 0.028645833333333332 0.04814814814814815
0 0.89296875 0.5171296296296296 0.21302083333333333 0.27870370370370373
0 0.7346354166666667 0.2074074074074074 0.07864583333333333 0.09259259259259259
0 0.28151041666666665 0.12175925925925926 0.14947916666666666 0.11944444444444445
0 0.36796875 0.09907407407407408 0.0265625 0.02962962962962963
0 0.29270833333333335 0.2162037037037037 0.13541666666666666 0.10092592592592593
0 0.6880208333333333 0.19027777777777777 0.071875 0.09537037037037037
0 0.75078125 0.13703703703703704 0.07864583333333333 0.06296296296296296
0 0.5729166666666666 0.07175925925925926 0.026041666666666668 0.041666666666666664