0 0.41380208333333335 0.15092592592592594 0.1421875 0.11481481481481481
0 0.40677083333333336 0.5564814814814815 0.24270833333333333 0.5925925925925926
0 0.7747395833333334 0.29814814814814816 0.13697916666666668 0.13703703703703704
0 0.21588541666666666 0.32592592592592595 0.2859375 0.22592592592592592
0 0.13411458333333334 0.462037037037037 0.26614583333333336 0.31666666666666665
0 0.10104166666666667 0.6222222222222222 0.20208333333333334 0.31666666666666665
0 0.9083333333333333 0.35648148148148145 0.18229166666666666 0.19074074074074074
0 0.3111979166666667 0.9657407407407408 0.050520833333333334 0.06666666666666667
0 0.8151041666666666 0.1837962962962963 0.090625 0.058333333333333334
0 0.89296875 0.5171296296296296 0.21302083333333333 0.27870370370370373
0 0.13541666666666666 0.1337962962962963 0.020833333333333332 0.04537037037037037
0 0.19088541666666667 0.13796296296296295 0.08489583333333334 0.06851851851851852
0 0.31588541666666664 0.23055555555555557 0.0921875 0.07037037037037037
0 0.29296875 0.20694444444444443 0.13802083333333334 0.1175925925925926