0 0.40703125 0.5648148148148148 0.24322916666666666 0.5814814814814815
0 0.6591145833333333 0.4449074074074074 0.23072916666666668 0.42685185185185187
0 0.10104166666666667 0.6268518518518519 0.20208333333333334 0.32407407407407407
0 0.2140625 0.32685185185185184 0.2875 0.22592592592592592
0 0.134375 0.4583333333333333 0.265625 0.30925925925925923
0 0.1453125 0.15787037037037038 0.042708333333333334 0.09537037037037037
0 0.3140625 0.9657407407407408 0.057291666666666664 0.06666666666666667
0 0.6057291666666667 0.08101851851851852 0.05520833333333333 0.05277777777777778
0 0.3651041666666667 0.12129629629629629 0.14479166666666668 0.12222222222222222
0 0.9072916666666667 0.3578703703703704 0.184375 0.19537037037037036
0 0.77578125 0.29768518518518516 0.1359375 0.13796296296296295
0 0.31614583333333335 0.22916666666666666 0.09166666666666666 0.0712962962962963
0 0.8932291666666666 0.5189814814814815 0.2125 0.2824074074074074
0 0.16458333333333333 0.9564814814814815 0.16875 0.08518518518518518
0 0.4427083333333333 0.04722222222222222 0.035416666666666666 0.037037037037037035
0 0.76484375 0.14629629629629629 0.0984375 0.07962962962962963
0 0.7296875 0.22870370370370371 0.15208333333333332 0.14074074074074075