0 0.42916666666666664 0.15416666666666667 0.13854166666666667 0.1175925925925926
0 0.40677083333333336 0.5569444444444445 0.24270833333333333 0.5916666666666667
0 0.7747395833333334 0.29814814814814816 0.13697916666666668 0.13703703703703704
0 0.21640625 0.32592592592592595 0.28489583333333335 0.22592592592592592
0 0.13411458333333334 0.4615740740740741 0.26614583333333336 0.3175925925925926
0 0.10104166666666667 0.6240740740740741 0.20208333333333334 0.32037037037037036
0 0.9083333333333333 0.35648148148148145 0.18229166666666666 0.19074074074074074
0 0.8927083333333333 0.5171296296296296 0.21354166666666666 0.27870370370370373
0 0.72890625 0.15 0.1109375 0.06111111111111111
0 0.13307291666666668 0.1412037037037037 0.0171875 0.06018518518518518
0 0.27005208333333336 0.1398148148148148 0.05677083333333333 0.053703703703703705
0 0.2908854166666667 0.1375 0.015104166666666667 0.04722222222222222
0 0.78984375 0.15416666666666667 0.0546875 0.06388888888888888
0 0.31588541666666664 0.23055555555555557 0.0921875 0.07037037037037037
0 0.48020833333333335 0.12361111111111112 0.08854166666666667 0.09537037037037037
0 0.7658854166666667 0.14629629629629629 0.10364583333333334 0.08148148148148149