0 0.40729166666666666 0.5666666666666667 0.24375 0.5777777777777777
0 0.28932291666666665 0.13657407407407407 0.1140625 0.075
0 0.775 0.29768518518518516 0.1375 0.13796296296296295
0 0.13385416666666666 0.44166666666666665 0.26666666666666666 0.2759259259259259
0 0.3138020833333333 0.9657407407407408 0.0578125 0.06666666666666667
0 0.10130208333333333 0.6259259259259259 0.20260416666666667 0.32592592592592595
0 0.21744791666666666 0.33935185185185185 0.2828125 0.19907407407407407
0 0.13541666666666666 0.13240740740740742 0.020833333333333332 0.044444444444444446
0 0.6041666666666666 0.08101851851851852 0.05520833333333333 0.05092592592592592
0 0.89375 0.5171296296296296 0.21145833333333333 0.27870370370370373
0 0.3645833333333333 0.09722222222222222 0.03333333333333333 0.03333333333333333
0 0.3736979166666667 0.06527777777777778 0.05677083333333333 0.03796296296296296
0 0.90703125 0.3578703703703704 0.18489583333333334 0.1935185185185185
0 0.16458333333333333 0.9564814814814815 0.16875 0.08518518518518518
0 0.50859375 0.13240740740740742 0.0421875 0.08888888888888889
0 0.7893229166666667 0.15555555555555556 0.059895833333333336 0.06666666666666667
0 0.7143229166666667 0.22824074074074074 0.12135416666666667 0.1361111111111111
0 0.69921875 0.16527777777777777 0.09114583333333333 0.06574074074074074
0 0.6752604166666667 0.4476851851851852 0.2640625 0.4305555555555556
0 0.7375 0.13703703703703704 0.046875 0.05925925925925926
0 0.39765625 0.2791666666666667 0.0890625 0.09351851851851851