0 0.40703125 0.5662037037037037 0.24322916666666666 0.5787037037037037
0 0.4640625 0.15787037037037038 0.10625 0.1287037037037037
0 0.21614583333333334 0.3263888888888889 0.284375 0.225
0 0.13411458333333334 0.4615740740740741 0.26614583333333336 0.3175925925925926
0 0.3145833333333333 0.9657407407407408 0.05625 0.06666666666666667
0 0.10104166666666667 0.6268518518518519 0.20208333333333334 0.32592592592592595
0 0.7747395833333334 0.29953703703703705 0.13697916666666668 0.1398148148148148
0 0.6109375 0.08194444444444444 0.04479166666666667 0.05092592592592592
0 0.21953125 0.1648148148148148 0.04635416666666667 0.06481481481481481
0 0.8932291666666666 0.5189814814814815 0.2125 0.2824074074074074
0 0.91484375 0.35833333333333334 0.16927083333333334 0.19444444444444445
0 0.59609375 0.32314814814814813 0.21197916666666666 0.3037037037037037
0 0.42083333333333334 0.09027777777777778 0.0375 0.049074074074074076
0 0.37994791666666666 0.11666666666666667 0.1203125 0.10185185185185185
0 0.1828125 0.14351851851851852 0.04895833333333333 0.09259259259259259
0 0.31614583333333335 0.2300925925925926 0.09166666666666666 0.07314814814814814
0 0.13645833333333332 0.047685185185185185 0.028125 0.041666666666666664