0 0.4075520833333333 0.5675925925925925 0.24322916666666666 0.5814814814814815
0 0.13463541666666667 0.43842592592592594 0.26510416666666664 0.26944444444444443
0 0.10104166666666667 0.6268518518518519 0.20208333333333334 0.32592592592592595
0 0.21354166666666666 0.3277777777777778 0.2875 0.22592592592592592
0 0.3138020833333333 0.9652777777777778 0.05677083333333333 0.06759259259259259
0 0.6625 0.4513888888888889 0.2375 0.43796296296296294
0 0.13541666666666666 0.13287037037037036 0.020833333333333332 0.04351851851851852
0 0.6109375 0.08101851851851852 0.04479166666666667 0.05092592592592592
0 0.8934895833333333 0.5069444444444444 0.21197916666666666 0.25833333333333336
0 0.9078125 0.35833333333333334 0.18333333333333332 0.1962962962962963
0 0.7890625 0.15601851851851853 0.057291666666666664 0.06574074074074074
0 0.3651041666666667 0.09490740740740741 0.03333333333333333 0.03796296296296296
0 0.7747395833333334 0.29768518518518516 0.13697916666666668 0.13796296296296295
0 0.5802083333333333 0.0712962962962963 0.013541666666666667 0.02962962962962963
0 0.7143229166666667 0.225 0.1203125 0.13148148148148148
0 0.7388020833333333 0.1375 0.0453125 0.06018518518518518