0 0.40703125 0.5634259259259259 0.24322916666666666 0.5824074074074074
0 0.6591145833333333 0.44814814814814813 0.23072916666666668 0.43333333333333335
0 0.13411458333333334 0.43842592592592594 0.2671875 0.27314814814814814
0 0.10104166666666667 0.6282407407407408 0.20208333333333334 0.3287037037037037
0 0.215625 0.32731481481481484 0.28541666666666665 0.225
0 0.90859375 0.3578703703703704 0.18177083333333333 0.19537037037037036
0 0.89296875 0.5189814814814815 0.21302083333333333 0.2824074074074074
0 0.3651041666666667 0.09722222222222222 0.03229166666666667 0.03333333333333333
0 0.13255208333333332 0.13287037037037036 0.015104166666666667 0.04351851851851852
0 0.5794270833333334 0.07175925925925926 0.0140625 0.028703703703703703
0 0.7890625 0.1550925925925926 0.05625 0.06574074074074074
0 0.7153645833333333 0.22870370370370371 0.12239583333333333 0.13703703703703704
0 0.8536458333333333 0.16435185185185186 0.01875 0.03611111111111111
0 0.16458333333333333 0.9564814814814815 0.16875 0.08518518518518518
0 0.6028645833333334 0.08055555555555556 0.0609375 0.053703703703703705
0 0.7747395833333334 0.29814814814814816 0.13697916666666668 0.1388888888888889
0 0.23828125 0.14814814814814814 0.0265625 0.04814814814814815
0 0.7388020833333333 0.1375 0.04739583333333333 0.062037037037037036
0 0.31588541666666664 0.2222222222222222 0.0921875 0.08703703703703704