0 0.40703125 0.5597222222222222 0.24322916666666666 0.5861111111111111
0 0.7747395833333334 0.29814814814814816 0.13697916666666668 0.13703703703703704
0 0.21770833333333334 0.324537037037037 0.2833333333333333 0.2212962962962963
0 0.3140625 0.9657407407407408 0.05625 0.06666666666666667
0 0.13385416666666666 0.4634259259259259 0.26666666666666666 0.3194444444444444
0 0.10104166666666667 0.6282407407407408 0.20208333333333334 0.32685185185185184
0 0.31666666666666665 0.1398148148148148 0.06666666666666667 0.06666666666666667
0 0.13515625 0.13240740740740742 0.019270833333333334 0.04259259259259259
0 0.9098958333333333 0.3560185185185185 0.18020833333333333 0.18981481481481483
0 0.365625 0.09861111111111111 0.03229166666666667 0.030555555555555555
0 0.89296875 0.5180555555555556 0.21302083333333333 0.28055555555555556
0 0.7341145833333333 0.20925925925925926 0.07760416666666667 0.09444444444444444
0 0.2921875 0.09305555555555556 0.017708333333333333 0.028703703703703703
0 0.61015625 0.08055555555555556 0.0421875 0.05
0 0.5018229166666667 0.10555555555555556 0.05260416666666667 0.053703703703703705
0 0.8091145833333333 0.16296296296296298 0.018229166666666668 0.05
0 0.60078125 0.0787037037037037 0.0234375 0.044444444444444446
0 0.25104166666666666 0.21805555555555556 0.22083333333333333 0.09722222222222222