0 0.4114583333333333 0.1597222222222222 0.14375 0.11944444444444445
0 0.40677083333333336 0.5583333333333333 0.24270833333333333 0.5907407407407408
0 0.7747395833333334 0.2986111111111111 0.13697916666666668 0.13796296296296295
0 0.21484375 0.32546296296296295 0.28802083333333334 0.22685185185185186
0 0.13411458333333334 0.46111111111111114 0.26614583333333336 0.31666666666666665
0 0.10104166666666667 0.6273148148148148 0.20208333333333334 0.325
0 0.915625 0.35509259259259257 0.16770833333333332 0.18796296296296297
0 0.3140625 0.9657407407407408 0.05625 0.06666666666666667
0 0.6109375 0.0787037037037037 0.042708333333333334 0.044444444444444446
0 0.7361979166666667 0.20601851851851852 0.07552083333333333 0.08796296296296297
0 0.8921875 0.5171296296296296 0.215625 0.27685185185185185
0 0.5619791666666667 0.12361111111111112 0.042708333333333334 0.05092592592592592
0 0.27838541666666666 0.21944444444444444 0.15052083333333333 0.0962962962962963